date,code,open,high,low,close,preclose,volume,amount,turn,pctChg,tradestatus,isST
2017-01-03,sh.600176,9.8600,10.1000,9.8200,9.9000,9.8400,15703673,156370405.0000,0.817991,0.609751,1,0
2017-01-04,sh.600176,9.9000,10.0500,9.8500,9.9900,9.9000,15448389,154117674.0000,0.804694,0.909092,1,0
2017-01-05,sh.600176,9.9900,9.9900,9.9100,9.9500,9.9900,9130406,90753720.0000,0.475595,-0.400400,1,0
2017-01-06,sh.600176,9.9500,10.0400,9.9200,10.0200,9.9500,13725675,137300141.0000,0.714959,0.703524,1,0
2017-01-09,sh.600176,9.9600,10.0100,9.8200,10.0100,10.0200,14825862,147311026.0000,0.609577,-0.099803,1,0
2017-01-10,sh.600176,10.0000,10.3200,9.9300,10.1000,10.0100,27701309,280835184.0000,1.138960,0.899102,1,0
2017-01-11,sh.600176,10.0600,10.1200,10.0200,10.0400,10.1000,11012360,110903513.0000,0.452782,-0.594063,1,0
2017-01-12,sh.600176,10.0400,10.0800,9.8800,9.8900,10.0400,7708720,76957879.0000,0.316950,-1.494020,1,0
2017-01-13,sh.600176,9.9100,9.9700,9.7200,9.9200,9.8900,13472091,132451145.0000,0.553915,0.303334,1,0
2017-01-16,sh.600176,9.8500,10.1200,9.6700,9.9900,9.9200,30862155,306829744.0000,1.268921,0.705642,1,0
2017-01-17,sh.600176,9.9300,9.9900,9.8600,9.9500,9.9900,5675385,56382974.0000,0.233348,-0.400400,1,0
2017-01-18,sh.600176,9.9500,10.0900,9.9300,10.0100,9.9500,8711056,87369334.0000,0.358162,0.603019,1,0
2017-01-19,sh.600176,9.9700,10.0200,9.8600,9.8700,10.0100,8517900,84587678.0000,0.350220,-1.398605,1,0
2017-01-20,sh.600176,9.8900,9.9800,9.8500,9.9100,9.8700,10818219,107210269.0000,0.444799,0.405268,1,0
2017-01-23,sh.600176,9.9300,10.0500,9.9300,10.0300,9.9100,10890211,108867999.0000,0.447759,1.210897,1,0
2017-01-24,sh.600176,10.1300,10.1900,10.0000,10.1200,10.0300,23921505,242381865.0000,0.983551,0.897310,1,0
2017-01-25,sh.600176,10.1300,10.1500,10.0600,10.1200,10.1200,10910526,110244685.0000,0.448595,0.000000,1,0
2017-01-26,sh.600176,10.1300,10.1800,10.0800,10.1600,10.1200,11076610,112208834.0000,0.455423,0.395257,1,0
2017-02-03,sh.600176,10.1500,10.2400,10.1300,10.1800,10.1600,8083815,82293238.0000,0.332372,0.196855,1,0
2017-02-06,sh.600176,10.1700,10.2400,10.1500,10.2100,10.1800,10932768,111471087.0000,0.449509,0.294693,1,0
2017-02-07,sh.600176,10.2000,10.2100,10.0800,10.1200,10.2100,10797361,109444808.0000,0.443942,-0.881490,1,0
2017-02-08,sh.600176,10.1000,10.1600,10.0200,10.1500,10.1200,13230960,133386109.0000,0.544001,0.296440,1,0
2017-02-09,sh.600176,10.1100,10.2800,10.0800,10.2800,10.1500,16517938,168946172.0000,0.679148,1.280789,1,0
2017-02-10,sh.600176,10.2800,10.6300,10.2800,10.4600,10.2800,45054316,470053072.0000,1.852442,1.750976,1,0
2017-02-13,sh.600176,10.5900,10.9400,10.5300,10.8000,10.4600,63533194,684974480.0000,2.612215,3.250479,1,0
2017-02-14,sh.600176,10.7600,10.8900,10.6000,10.8100,10.8000,29084151,312896256.0000,1.195817,0.092595,1,0
2017-02-15,sh.600176,10.7800,10.7900,10.4700,10.5100,10.8100,36242960,385352368.0000,1.490157,-2.775210,1,0
2017-02-16,sh.600176,10.5100,10.7600,10.5100,10.7200,10.5100,22079722,235709958.0000,0.907825,1.998097,1,0
2017-02-17,sh.600176,10.7000,10.7900,10.6100,10.6200,10.7200,17990553,192500013.0000,0.739695,-0.932839,1,0
2017-02-20,sh.600176,10.6300,11.1200,10.6300,10.9900,10.6200,51250288,560006032.0000,2.107194,3.483991,1,0
2017-02-21,sh.600176,11.0000,11.0200,10.8600,10.9000,10.9900,27715660,302670560.0000,1.139550,-0.818928,1,0
2017-02-22,sh.600176,10.8500,11.1600,10.8500,11.0300,10.9000,40022231,442854400.0000,1.645544,1.192662,1,0
2017-02-23,sh.600176,11.0500,11.1000,10.8700,10.9700,11.0300,32817228,360907824.0000,1.349305,-0.543966,1,0
2017-02-24,sh.600176,10.9000,10.9900,10.6500,10.7100,10.9700,44097844,474319824.0000,1.813116,-2.370102,1,0
2017-02-27,sh.600176,10.7600,10.8600,10.6300,10.6700,10.7100,24942077,267958146.0000,1.025512,-0.373482,1,0
2017-02-28,sh.600176,10.8600,10.9600,10.7600,10.8900,10.6700,28254014,307101648.0000,1.161685,2.061858,1,0
2017-03-01,sh.600176,10.8200,10.9000,10.7000,10.7300,10.8900,30629306,330266960.0000,1.259347,-1.469245,1,0
2017-03-02,sh.600176,10.7700,10.7900,10.6700,10.6900,10.7300,17349514,186324412.0000,0.713338,-0.372786,1,0
2017-03-03,sh.600176,10.6500,10.6500,10.5000,10.5700,10.6900,18362081,193917597.0000,0.754971,-1.122543,1,0
2017-03-06,sh.600176,10.6600,10.6600,10.5200,10.5900,10.5700,18611620,196883445.0000,0.765231,0.189219,1,0
2017-03-07,sh.600176,10.5900,10.6300,10.5100,10.5600,10.5900,16439319,173486939.0000,0.675915,-0.283284,1,0
2017-03-08,sh.600176,10.5900,10.6900,10.5200,10.5600,10.5600,18704443,197869906.0000,0.769047,0.000000,1,0
2017-03-09,sh.600176,10.5400,10.5600,10.1000,10.1900,10.5600,46382446,475527296.0000,1.907049,-3.503796,1,0
2017-03-10,sh.600176,10.1800,10.2400,10.0800,10.2000,10.1900,17094972,173788287.0000,0.702873,0.098138,1,0
2017-03-13,sh.600176,10.2000,10.2500,10.0700,10.2400,10.2000,28226839,287171376.0000,1.160568,0.392157,1,0
2017-03-14,sh.600176,10.2400,10.2900,10.1400,10.1800,10.2400,21172869,215885077.0000,0.870539,-0.585932,1,0
2017-03-15,sh.600176,10.2000,10.2600,10.1300,10.1700,10.1800,19143074,195145745.0000,0.787082,-0.098234,1,0
2017-03-16,sh.600176,10.1900,10.3000,10.1900,10.2300,10.1700,28343090,290231328.0000,1.165348,0.589965,1,0
2017-03-17,sh.600176,10.2500,10.2700,10.0800,10.1400,10.2300,24052039,244735110.0000,0.988918,-0.879758,1,0
2017-03-20,sh.600176,10.1400,10.2600,10.1200,10.2400,10.1400,21623142,220192060.0000,0.889052,0.986188,1,0
2017-03-21,sh.600176,10.3600,10.6900,10.3500,10.5000,10.2400,55471054,582768080.0000,2.280734,2.539065,1,0
2017-03-22,sh.600176,10.4000,10.5800,10.3500,10.4900,10.5000,33157300,347625088.0000,1.363288,-0.095240,1,0
2017-03-23,sh.600176,10.5000,10.5600,10.3700,10.5500,10.4900,39557223,414396096.0000,1.626425,0.571977,1,0
2017-03-24,sh.600176,10.6000,10.9500,10.5000,10.8500,10.5500,70668774,760261536.0000,2.905600,2.843604,1,0
2017-03-27,sh.600176,10.8100,11.1100,10.7700,10.8300,10.8500,62438258,682687952.0000,2.567196,-0.184336,1,0
2017-03-28,sh.600176,10.9800,10.9800,10.7800,10.8400,10.8300,24715363,268121724.0000,1.016191,0.092338,1,0
2017-03-29,sh.600176,10.8000,10.8500,10.6300,10.6700,10.8400,28954843,310869936.0000,1.190500,-1.568266,1,0
2017-03-30,sh.600176,10.7600,10.8300,10.5800,10.6200,10.6700,35821256,383404896.0000,1.472818,-0.468605,1,0
2017-03-31,sh.600176,10.6700,10.6800,10.4800,10.5600,10.6200,32814752,345865968.0000,1.349203,-0.564967,1,0
2017-04-05,sh.600176,10.7300,11.0500,10.7300,10.9700,10.5600,59405229,647606000.0000,2.442491,3.882574,1,0
2017-04-06,sh.600176,10.9500,11.1400,10.8100,11.0500,10.9700,53881527,592298288.0000,2.215380,0.729261,1,0
2017-04-07,sh.600176,11.0600,11.6300,10.8800,11.3500,11.0500,89464966,1005727648.0000,3.678420,2.714934,1,0
2017-04-10,sh.600176,11.3500,11.8800,11.2800,11.6800,11.3500,119993649,1396171952.0000,4.933630,2.907488,1,0
2017-04-11,sh.600176,11.7200,11.9600,11.4200,11.6700,11.6800,73904670,861004192.0000,3.038647,-0.085618,1,0
2017-04-12,sh.600176,11.5700,11.6200,11.2000,11.2300,11.6700,53252098,608129664.0000,2.189500,-3.770356,1,0
2017-04-13,sh.600176,11.4400,11.5100,11.2300,11.3900,11.2300,30160596,342457760.0000,1.240076,1.424762,1,0
2017-04-14,sh.600176,11.3800,11.3800,11.1400,11.2100,11.3900,26038725,292877872.0000,1.070602,-1.580336,1,0
2017-04-17,sh.600176,11.1700,11.3200,11.0700,11.2600,11.2100,26505831,296913152.0000,1.089807,0.446032,1,0
2017-04-18,sh.600176,11.2000,11.6100,11.2000,11.3900,11.2600,43899496,502794032.0000,1.804961,1.154530,1,0
2017-04-19,sh.600176,11.2900,11.4500,11.1700,11.3300,11.3900,30172506,340828288.0000,1.240565,-0.526782,1,0
2017-04-20,sh.600176,11.3500,11.6300,11.3300,11.6000,11.3300,42322849,486001376.0000,1.740136,2.383058,1,0
2017-04-21,sh.600176,11.6200,11.7400,11.1500,11.2500,11.6000,55396521,634523792.0000,2.277670,-3.017245,1,0
2017-04-24,sh.600176,11.2200,11.2700,10.7000,10.9300,11.2500,37586833,411298096.0000,1.545411,-2.844442,1,0
2017-04-25,sh.600176,10.8900,11.1700,10.8900,11.0000,10.9300,22824321,251915564.0000,0.938439,0.640436,1,0
2017-04-26,sh.600176,11.0300,11.3300,11.0000,11.2300,11.0000,28939479,323886112.0000,1.189869,2.090905,1,0
2017-04-27,sh.600176,11.1800,11.4200,10.9800,11.4100,11.2300,24382286,273025920.0000,1.002496,1.602852,1,0
2017-04-28,sh.600176,11.3700,11.4500,11.2700,11.3900,11.4100,15182141,172352533.0000,0.624225,-0.175281,1,0
2017-05-02,sh.600176,11.5000,11.6600,11.3500,11.4000,11.3900,33677089,387033408.0000,1.384659,0.087790,1,0
2017-05-03,sh.600176,11.4200,11.7100,11.4200,11.6800,11.4000,37620038,435197504.0000,1.546776,2.456146,1,0
2017-05-04,sh.600176,11.6800,11.7600,11.5300,11.5400,11.6800,33656990,392293936.0000,1.383833,-1.198633,1,0
2017-05-05,sh.600176,11.4900,11.5500,11.1800,11.2000,11.5400,38319158,435556880.0000,1.575521,-2.946275,1,0
2017-05-08,sh.600176,11.2400,11.4100,11.0700,11.2000,11.2000,23337855,262556456.0000,0.959554,0.000000,1,0
2017-05-09,sh.600176,11.2500,11.5200,11.1100,11.3900,11.2000,25098491,284548144.0000,1.031943,1.696433,1,0
2017-05-10,sh.600176,11.4100,11.4800,10.9400,10.9600,11.3900,44666438,497572368.0000,1.836494,-3.775244,1,0
2017-05-11,sh.600176,10.8700,11.1000,10.6700,11.1000,10.9600,26271468,286374528.0000,1.080171,1.277375,1,0
2017-05-12,sh.600176,11.0700,11.1900,10.9200,10.9700,11.1000,20979832,232089234.0000,0.862602,-1.171172,1,0
2017-05-15,sh.600176,11.0700,11.2000,11.0100,11.1500,10.9700,21159345,235200914.0000,0.869983,1.640833,1,0
2017-05-16,sh.600176,8.9900,9.6900,8.9500,9.4100,9.0800,31943791,296716928.0000,1.094494,3.634360,1,0
2017-05-17,sh.600176,9.3100,9.5100,9.2700,9.4100,9.4100,33690943,316623072.0000,1.154357,0.000000,1,0
2017-05-18,sh.600176,9.3000,9.6900,9.2800,9.4700,9.4100,33304887,317568096.0000,1.141130,0.637624,1,0
2017-05-19,sh.600176,9.4700,9.5700,9.3600,9.4100,9.4700,20023103,188779523.0000,0.686054,-0.633584,1,0
2017-05-22,sh.600176,9.3800,9.4800,9.1000,9.2900,9.4100,30660059,284425264.0000,1.050510,-1.275238,1,0
2017-05-23,sh.600176,9.2300,9.5900,9.2100,9.2800,9.2900,63948319,604910000.0000,2.191070,-0.107645,1,0
2017-05-24,sh.600176,9.2100,9.3900,9.1100,9.3800,9.2800,29229274,270211520.0000,1.001486,1.077590,1,0
2017-05-25,sh.600176,9.3100,9.7500,9.3000,9.7500,9.3800,74705025,713618912.0000,2.559628,3.944562,1,0
2017-05-26,sh.600176,9.7300,10.0500,9.6800,9.9300,9.7500,96012713,952433200.0000,3.289696,1.846157,1,0
2017-05-31,sh.600176,10.0700,10.1400,9.8300,9.9000,9.9300,56783876,567345136.0000,1.945593,-0.302122,1,0
2017-06-01,sh.600176,9.9100,10.1700,9.8400,10.0100,9.9000,52373376,526816560.0000,1.794476,1.111117,1,0
2017-06-02,sh.600176,10.0000,10.1100,9.7500,9.9700,10.0100,47824471,474778144.0000,1.638616,-0.399600,1,0
2017-06-05,sh.600176,9.9300,10.1300,9.9000,9.9800,9.9700,22618810,226521847.0000,0.774991,0.100294,1,0
2017-06-06,sh.600176,9.9700,10.1700,9.9200,10.1500,9.9800,30935884,312152592.0000,1.059960,1.703408,1,0
2017-06-07,sh.600176,10.1800,10.5400,10.1200,10.5100,10.1500,65435054,676248752.0000,2.242010,3.546804,1,0
2017-06-08,sh.600176,10.5100,10.8500,10.4300,10.6200,10.5100,54606824,583469680.0000,1.871001,1.046619,1,0
2017-06-09,sh.600176,10.6200,10.8000,10.4900,10.7800,10.6200,44154856,470253824.0000,1.512884,1.506590,1,0
2017-06-12,sh.600176,10.7600,10.9700,10.6000,10.6700,10.7800,41315958,445012608.0000,1.415614,-1.020405,1,0
2017-06-13,sh.600176,10.6900,10.7300,10.4900,10.5400,10.6700,39547059,418401952.0000,1.355006,-1.218370,1,0
2017-06-14,sh.600176,10.5300,10.6300,10.3500,10.4200,10.5400,36399650,380514192.0000,1.247166,-1.138519,1,0
2017-06-15,sh.600176,10.4200,10.5400,10.3500,10.5100,10.4200,31348409,327108048.0000,1.074095,0.863725,1,0
2017-06-16,sh.600176,10.5100,10.5100,10.2600,10.3300,10.5100,32046146,331748848.0000,1.098001,-1.712657,1,0
2017-06-19,sh.600176,10.3200,10.4900,10.2500,10.3900,10.3300,23398174,243347531.0000,0.801695,0.580837,1,0
2017-06-20,sh.600176,10.4200,10.5200,10.3400,10.4500,10.3900,26038970,271785040.0000,0.892177,0.577473,1,0
2017-06-21,sh.600176,10.5000,10.6000,10.3700,10.5700,10.4500,25708271,269435040.0000,0.880846,1.148324,1,0
2017-06-22,sh.600176,10.5400,10.5900,10.0000,10.0800,10.5700,70083792,721468400.0000,2.401290,-4.635759,1,0
2017-06-23,sh.600176,10.0600,10.2200,10.0200,10.1800,10.0800,37544975,379849552.0000,1.286408,0.992067,1,0
2017-06-26,sh.600176,10.1800,10.6600,10.1700,10.6000,10.1800,72986852,765530624.0000,2.500758,4.125737,1,0
2017-06-27,sh.600176,10.6300,10.8000,10.5500,10.6300,10.6000,41009062,437920848.0000,1.405099,0.283016,1,0
2017-06-28,sh.600176,10.5700,10.8900,10.5200,10.6600,10.6300,35274378,375758064.0000,1.208611,0.282218,1,0
2017-06-29,sh.600176,10.6200,10.9100,10.6100,10.8500,10.6600,33450066,361050656.0000,1.146104,1.782369,1,0
2017-06-30,sh.600176,10.8000,11.0500,10.7800,10.9800,10.8500,38057730,416501504.0000,1.303977,1.198149,1,0
2017-07-03,sh.600176,10.9700,11.0700,10.8100,10.8400,10.9800,26420606,287782400.0000,0.905253,-1.275040,1,0
2017-07-04,sh.600176,10.8400,10.9300,10.6800,10.7100,10.8400,32585921,351847360.0000,1.116496,-1.199263,1,0
2017-07-05,sh.600176,10.6500,10.9900,10.6500,10.9700,10.7100,29126551,314948128.0000,0.997967,2.427640,1,0
2017-07-06,sh.600176,10.9100,11.0000,10.6700,10.8200,10.9700,30322237,328963936.0000,1.038935,-1.367371,1,0
2017-07-07,sh.600176,10.7300,11.0700,10.7000,10.9900,10.8200,31697619,346740736.0000,1.086060,1.571165,1,0
2017-07-10,sh.600176,11.0600,11.1500,10.8400,11.0800,10.9900,34528160,379259232.0000,1.183043,0.818928,1,0
2017-07-11,sh.600176,11.0500,11.0700,10.7600,10.7900,11.0800,36411196,399345632.0000,1.247562,-2.617328,1,0
2017-07-12,sh.600176,10.8400,10.9100,10.5800,10.7500,10.7900,33014154,353548912.0000,1.131168,-0.370713,1,0
2017-07-13,sh.600176,10.7100,10.8200,10.6400,10.7500,10.7500,24958857,267773630.0000,0.855169,0.000000,1,0
2017-07-14,sh.600176,10.7200,10.7400,10.5200,10.6700,10.7500,28077343,297793488.0000,0.962018,-0.744185,1,0
2017-07-17,sh.600176,10.6600,10.6600,10.1300,10.3100,10.6700,34842110,362727888.0000,1.193800,-3.373943,1,0
2017-07-18,sh.600176,10.3300,10.4500,10.1900,10.3700,10.3100,23364204,241806556.0000,0.800531,0.581954,1,0
2017-07-19,sh.600176,10.4000,10.8700,10.3300,10.8600,10.3700,34988448,373410816.0000,1.198814,4.725167,1,0
2017-07-20,sh.600176,10.8500,10.9400,10.6900,10.8100,10.8600,33794514,365054768.0000,1.157906,-0.460398,1,0
2017-07-21,sh.600176,10.8100,10.8100,10.6200,10.7400,10.8100,22634624,242452603.0000,0.775533,-0.647555,1,0
2017-07-24,sh.600176,10.7200,11.0800,10.6800,11.0700,10.7400,50678555,555024416.0000,1.736406,3.072625,1,0
2017-07-25,sh.600176,11.1400,11.1500,10.7600,10.8300,11.0700,30609761,333709184.0000,1.048786,-2.168020,1,0
2017-07-26,sh.600176,10.8600,10.9300,10.5500,10.6700,10.8300,28638983,305962928.0000,0.981261,-1.477376,1,0
2017-07-27,sh.600176,10.6600,10.8900,10.5200,10.6600,10.6700,28312249,301702576.0000,0.970066,-0.093723,1,0
2017-07-28,sh.600176,10.6400,10.7100,10.4800,10.6600,10.6600,23057540,244258530.0000,0.790024,0.000000,1,0
2017-07-31,sh.600176,10.8000,10.9900,10.6300,10.9800,10.6600,49564269,536005888.0000,1.698227,3.001873,1,0
2017-08-01,sh.600176,10.9300,11.1900,10.8800,10.9700,10.9800,38393866,424292816.0000,1.315494,-0.091068,1,0
2017-08-02,sh.600176,10.9200,11.0300,10.8200,10.8800,10.9700,30262493,329841424.0000,1.036888,-0.820421,1,0
2017-08-03,sh.600176,10.8700,10.9700,10.7800,10.8100,10.8800,26010815,282414288.0000,0.891212,-0.643379,1,0
2017-08-04,sh.600176,10.7700,10.8200,10.4700,10.4900,10.8100,41476772,439449264.0000,1.421124,-2.960228,1,0
2017-08-07,sh.600176,10.4800,10.6400,10.4800,10.5900,10.4900,20584265,217175235.0000,0.705281,0.953292,1,0
2017-08-08,sh.600176,10.6200,10.6200,10.4200,10.5600,10.5900,31747845,333180544.0000,1.087781,-0.283284,1,0
2017-08-09,sh.600176,10.5100,10.5200,10.2200,10.4100,10.5600,37887846,392393952.0000,1.298156,-1.420460,1,0
2017-08-10,sh.600176,10.3500,10.5000,10.2600,10.3900,10.4100,22757967,236163298.0000,0.779759,-0.192118,1,0
2017-08-11,sh.600176,10.3400,10.4900,10.2800,10.3300,10.3900,21615814,225035338.0000,0.740625,-0.577482,1,0
2017-08-14,sh.600176,10.3400,10.6100,10.2800,10.5300,10.3300,21806975,228108590.0000,0.747175,1.936107,1,0
2017-08-15,sh.600176,10.5100,10.5900,10.2800,10.3800,10.5300,22136961,230130548.0000,0.758482,-1.424498,1,0
2017-08-16,sh.600176,10.4100,10.4500,10.1400,10.2500,10.3800,30716742,314085904.0000,1.052452,-1.252410,1,0
2017-08-17,sh.600176,10.1900,10.4500,10.1900,10.3600,10.2500,24059799,249377913.0000,0.824364,1.073167,1,0
2017-08-18,sh.600176,10.4000,10.6700,10.3700,10.5400,10.3600,39803652,418967872.0000,1.363798,1.737455,1,0
2017-08-21,sh.600176,10.7000,10.9100,10.5300,10.5900,10.5400,39366134,421472592.0000,1.348807,0.474385,1,0
2017-08-22,sh.600176,10.6400,10.6400,10.4700,10.4800,10.5900,23855900,251382870.0000,0.817378,-1.038721,1,0
2017-08-23,sh.600176,10.4900,10.5300,10.2000,10.3700,10.4800,25930843,268398282.0000,0.888472,-1.049615,1,0
2017-08-24,sh.600176,10.3500,10.4500,10.2500,10.3000,10.3700,13304396,137540131.0000,0.455850,-0.675021,1,0
2017-08-25,sh.600176,10.2900,10.4700,10.2800,10.4100,10.3000,16610823,172262867.0000,0.569139,1.067958,1,0
2017-08-28,sh.600176,10.4300,10.4700,10.3400,10.4000,10.4100,36448581,379034640.0000,1.248843,-0.096064,1,0
2017-08-29,sh.600176,10.4000,10.4500,10.3100,10.3300,10.4000,23851955,247263992.0000,0.817243,-0.673074,1,0
2017-08-30,sh.600176,10.3300,10.4200,10.2700,10.3600,10.3300,25173516,260235268.0000,0.862523,0.290414,1,0
2017-08-31,sh.600176,10.3400,10.3700,10.1800,10.2900,10.3600,34388376,352403232.0000,1.178253,-0.675673,1,0
2017-09-01,sh.600176,10.2900,10.3000,10.1700,10.2200,10.2900,33340933,340538160.0000,1.142365,-0.680269,1,0
2017-09-04,sh.600176,10.2000,10.2100,10.0900,10.1100,10.2200,45924806,464491392.0000,1.573528,-1.076327,1,0
2017-09-05,sh.600176,10.1200,10.2400,10.1000,10.1500,10.1100,27299225,277326992.0000,0.935357,0.395647,1,0
2017-09-06,sh.600176,10.1500,10.1500,9.9500,10.1300,10.1500,50796204,510505680.0000,1.740437,-0.197040,1,0
2017-09-07,sh.600176,10.1300,10.1300,10.1300,10.1300,10.1300,0,0.0000,,0.000000,0,0
2017-09-08,sh.600176,10.1300,10.1300,10.1300,10.1300,10.1300,0,0.0000,,0.000000,0,0
2017-09-11,sh.600176,10.3000,10.4400,10.2500,10.3300,10.1300,73547281,761830336.0000,2.519960,1.974332,1,0
2017-09-12,sh.600176,10.3300,10.4400,10.2700,10.3300,10.3300,36590080,379461721.0000,1.253691,0.000000,1,0
2017-09-13,sh.600176,10.3200,10.5500,10.2800,10.5200,10.3300,34885141,364169868.0000,1.195274,1.839308,1,0
2017-09-14,sh.600176,10.5300,10.7500,10.5200,10.5500,10.5200,44487180,473215768.0000,1.524270,0.285169,1,0
2017-09-15,sh.600176,10.5400,10.6500,10.3500,10.5400,10.5500,26896537,281705893.0000,0.921560,-0.094789,1,0
2017-09-18,sh.600176,10.5000,10.7000,10.4700,10.6800,10.5400,29208028,309815980.0000,1.000759,1.328277,1,0
2017-09-19,sh.600176,10.7200,10.9000,10.6800,10.7100,10.6800,40253256,435138166.0000,1.379203,0.280896,1,0
2017-09-20,sh.600176,10.6200,10.8500,10.5400,10.7200,10.7100,25079417,267993504.0000,0.859299,0.093373,1,0
2017-09-21,sh.600176,10.7100,10.8000,10.5500,10.6900,10.7200,22849349,243415705.0000,0.782890,-0.279857,1,0
2017-09-22,sh.600176,10.6000,10.7000,10.4800,10.6700,10.6900,18537628,196075917.0000,0.635157,-0.187086,1,0
2017-09-25,sh.600176,10.6400,10.7700,10.5200,10.5800,10.6700,26147398,278479465.0000,0.895892,-0.843488,1,0
2017-09-26,sh.600176,10.5500,10.7200,10.5500,10.6600,10.5800,18481843,196714915.0000,0.633246,0.756143,1,0
2017-09-27,sh.600176,10.7300,11.0000,10.7100,10.9400,10.6600,45640298,496918754.0000,1.563780,2.626639,1,0
2017-09-28,sh.600176,10.9500,11.0800,10.7700,10.8200,10.9400,34527829,377999156.0000,1.183032,-1.096891,1,0
2017-09-29,sh.600176,10.8400,11.5800,10.8400,11.4600,10.8200,70333444,793022744.0000,2.409844,5.914976,1,0
2017-10-09,sh.600176,11.7500,12.0900,11.7000,11.9300,11.4600,74065154,881008232.0000,2.537704,4.101224,1,0
2017-10-10,sh.600176,12.0300,12.2300,11.8500,11.9200,11.9300,56097154,674502137.0000,1.922064,-0.083824,1,0
2017-10-11,sh.600176,11.9200,12.0500,11.7500,12.0100,11.9200,37512917,445643636.0000,1.285310,0.755035,1,0
2017-10-12,sh.600176,12.0400,12.5600,11.9200,12.3400,12.0100,70278610,865958342.0000,2.407965,2.747710,1,0
2017-10-13,sh.600176,12.3000,12.3800,12.0600,12.1200,12.3400,40398127,492789633.0000,1.384166,-1.782822,1,0
2017-10-16,sh.600176,12.3800,12.6100,11.8800,11.9000,12.1200,50864053,618567620.0000,1.742762,-1.815184,1,0
2017-10-17,sh.600176,12.0200,12.2600,11.9200,12.0900,11.9000,37499194,452991495.0000,1.284840,1.596643,1,0
2017-10-18,sh.600176,12.1000,12.6000,12.0400,12.5300,12.0900,58217624,724905653.0000,1.994718,3.639368,1,0
2017-10-19,sh.600176,12.5600,12.5900,12.2000,12.2400,12.5300,36496338,450884899.0000,1.250479,-2.314445,1,0
2017-10-20,sh.600176,12.2500,12.6100,11.9800,12.5900,12.2400,36282117,447482026.0000,1.243139,2.859480,1,0
2017-10-23,sh.600176,12.6600,13.0700,12.5000,12.9000,12.5900,48980184,630818311.0000,1.678214,2.462267,1,0
2017-10-24,sh.600176,12.9000,13.0100,12.7000,12.8900,12.9000,26500855,339888420.0000,0.908002,-0.077514,1,0
2017-10-25,sh.600176,12.9200,13.3300,12.8200,13.1100,12.8900,34919452,458938163.0000,1.196450,1.706744,1,0
2017-10-26,sh.600176,13.0300,13.2900,12.9000,12.9100,13.1100,36041316,470295901.0000,1.234888,-1.525552,1,0
2017-10-27,sh.600176,12.9300,13.0600,12.6200,12.8400,12.9100,33016716,422047191.0000,1.131256,-0.542213,1,0
2017-10-30,sh.600176,12.8400,12.8800,12.4000,12.7300,12.8400,36291566,460336809.0000,1.243463,-0.856703,1,0
2017-10-31,sh.600176,12.7800,13.0900,12.6000,13.0700,12.7300,32215130,413692662.0000,1.103791,2.670857,1,0
2017-11-01,sh.600176,13.0900,13.3500,12.7800,12.8100,13.0700,32116217,419415809.0000,1.100402,-1.989283,1,0
2017-11-02,sh.600176,12.7500,12.7700,12.3600,12.3900,12.8100,40400396,505361304.0000,1.384244,-3.278689,1,0
2017-11-03,sh.600176,12.3700,12.5100,11.9800,12.2000,12.3900,46567488,568714325.0000,1.595548,-1.533499,1,0
2017-11-06,sh.600176,12.2200,12.6100,12.0100,12.5700,12.2000,39981496,492936566.0000,1.369891,3.032786,1,0
2017-11-07,sh.600176,12.5000,12.7400,12.3500,12.4700,12.5700,30537667,381999147.0000,1.046316,-0.795540,1,0
2017-11-08,sh.600176,12.4500,12.8400,12.3700,12.6900,12.4700,39191187,494993908.0000,1.342813,1.764229,1,0
2017-11-09,sh.600176,12.6300,12.9000,12.5000,12.7300,12.6900,28328136,360108160.0000,0.970611,0.315209,1,0
2017-11-10,sh.600176,12.7200,13.5600,12.5800,13.4300,12.7300,69201995,906333212.0000,2.371077,5.498828,1,0
2017-11-13,sh.600176,13.5900,14.0400,13.5000,13.8800,13.4300,69891390,968505042.0000,2.394698,3.350706,1,0
2017-11-14,sh.600176,13.8600,14.0400,13.6400,13.8000,13.8800,38849978,537576146.0000,1.331122,-0.576368,1,0
2017-11-15,sh.600176,13.8000,14.3000,13.5500,13.9000,13.8000,49523127,691728235.0000,1.696817,0.724634,1,0
2017-11-16,sh.600176,13.9000,14.5700,13.7300,14.3800,13.9000,49711768,709269535.0000,1.703281,3.453241,1,0
2017-11-17,sh.600176,14.3900,14.8300,13.9400,14.1700,14.3800,47162566,680199748.0000,1.615937,-1.460362,1,0
2017-11-20,sh.600176,14.0100,14.8700,13.7000,14.8600,14.1700,47781764,686245531.0000,1.637153,4.869440,1,0
2017-11-21,sh.600176,14.8500,15.1600,14.5600,15.0900,14.8600,42341409,631072711.0000,1.450749,1.547783,1,0
2017-11-22,sh.600176,15.0900,15.2900,14.2500,14.4900,15.0900,49734585,733372079.0000,1.704063,-3.976146,1,0
2017-11-23,sh.600176,14.4800,14.6500,13.5500,13.6400,14.4900,50424861,711573168.0000,1.727714,-5.866111,1,0
2017-11-24,sh.600176,13.7800,14.1100,13.6600,13.8000,13.6400,37431892,519160584.0000,1.282534,1.173019,1,0
2017-11-27,sh.600176,13.8200,14.1000,13.2500,13.3900,13.8000,37256667,509059364.0000,1.276530,-2.971013,1,0
2017-11-28,sh.600176,13.5400,14.0600,13.4900,14.0400,13.3900,43424383,596349587.0000,1.487855,4.854366,1,0
2017-11-29,sh.600176,14.0300,14.5600,13.9500,14.4100,14.0400,44591756,640446940.0000,1.527853,2.635327,1,0
2017-11-30,sh.600176,14.5000,14.5000,13.7000,13.8400,14.4100,30309516,426475661.0000,1.038499,-3.955584,1,0
2017-12-01,sh.600176,13.8000,14.0000,13.5800,13.6500,13.8400,29337452,403490189.0000,1.005193,-1.372836,1,0
2017-12-04,sh.600176,13.7400,14.0600,13.6000,13.7300,13.6500,34152630,474470119.0000,1.170176,0.586080,1,0
2017-12-05,sh.600176,13.6000,13.8700,13.4700,13.6100,13.7300,37534152,512937513.0000,1.286038,-0.873998,1,0
2017-12-06,sh.600176,13.5900,13.6000,12.7200,13.2200,13.6100,46057069,603676735.0000,1.578059,-2.865535,1,0
2017-12-07,sh.600176,13.1700,13.5100,13.1300,13.1900,13.2200,31577653,421566560.0000,1.081949,-0.226934,1,0
2017-12-08,sh.600176,13.3000,13.6200,13.3000,13.4300,13.1900,27002586,363896720.0000,0.925193,1.819566,1,0
2017-12-11,sh.600176,13.4600,13.9700,13.4600,13.9500,13.4300,31682546,437175136.0000,1.085543,3.871925,1,0
2017-12-12,sh.600176,13.9600,14.1000,13.6000,13.6200,13.9500,23448079,324236155.0000,0.803405,-2.365591,1,0
2017-12-13,sh.600176,13.5200,13.9900,13.5200,13.9800,13.6200,24936577,344143582.0000,0.854405,2.643169,1,0
2017-12-14,sh.600176,13.9900,14.4400,13.9000,14.2500,13.9800,37371144,531632831.0000,1.280452,1.931334,1,0
2017-12-15,sh.600176,14.1800,14.3400,14.0300,14.2200,14.2500,19535706,276873513.0000,0.669354,-0.210524,1,0
2017-12-18,sh.600176,14.1100,14.7200,14.1100,14.2500,14.2200,29484096,425115240.0000,1.010217,0.210969,1,0
2017-12-19,sh.600176,14.2200,14.5500,13.9900,14.4800,14.2500,30741769,440967272.0000,1.053309,1.614032,1,0
2017-12-20,sh.600176,14.4900,15.3300,14.1000,14.9400,14.4800,56332464,835426654.0000,1.930127,3.176796,1,0
2017-12-21,sh.600176,14.9500,16.2900,14.9500,15.9800,14.9400,75618091,1184078478.0000,2.590913,6.961178,1,0
2017-12-22,sh.600176,16.0500,16.3400,15.8000,16.1600,15.9800,42902973,690101313.0000,1.469990,1.126410,1,0
2017-12-25,sh.600176,16.3600,16.8100,16.1600,16.5100,16.1600,53024856,876348260.0000,1.816798,2.165844,1,0
2017-12-26,sh.600176,16.3300,17.1700,16.2400,16.4300,16.5100,58935315,988195003.0000,2.019308,-0.484554,1,0
2017-12-27,sh.600176,16.5100,16.6800,16.0500,16.1100,16.4300,38986517,637419690.0000,1.335800,-1.947655,1,0
2017-12-28,sh.600176,16.2000,16.3400,15.7500,16.3100,16.1100,44513578,714091663.0000,1.525175,1.241458,1,0
2017-12-29,sh.600176,16.2000,16.8300,16.1400,16.2900,16.3100,42187686,692920228.0000,1.445482,-0.122615,1,0
2018-01-02,sh.600176,16.5000,17.9200,16.3300,17.9200,16.2900,65263150,1132962479.0000,2.236120,10.006130,1,0
2018-01-03,sh.600176,17.9500,18.1600,17.5500,18.1300,17.9200,49954943,893382923.0000,1.711613,1.171870,1,0
2018-01-04,sh.600176,18.1000,18.4300,17.7000,17.9200,18.1300,39934666,718797966.0000,1.368287,-1.158296,1,0
2018-01-05,sh.600176,17.9300,18.0800,17.6700,18.0400,17.9200,35011314,625913349.0000,1.199597,0.669647,1,0
2018-01-08,sh.600176,18.0400,18.9200,17.8000,18.1700,18.0400,56446545,1039907064.0000,1.934035,0.720616,1,0
2018-01-09,sh.600176,18.1700,18.1700,17.3300,17.5400,18.1700,55579372,977002452.0000,1.904323,-3.467249,1,0
2018-01-10,sh.600176,17.6200,17.8500,17.1900,17.5300,17.5400,38309613,671388471.0000,1.312607,-0.057014,1,0
2018-01-11,sh.600176,17.5400,17.6000,16.7700,17.0100,17.5300,38631900,657296883.0000,1.323650,-2.966346,1,0
2018-01-12,sh.600176,17.1000,17.3500,16.8300,17.1100,17.0100,38355986,656415235.0000,1.314196,0.587892,1,0
2018-01-15,sh.600176,17.1900,17.7300,16.8500,17.2700,17.1100,44990028,778677948.0000,1.541499,0.935125,1,0
2018-01-16,sh.600176,17.3800,18.3600,17.3500,18.3300,17.2700,65479436,1179776750.0000,2.243531,6.137808,1,0
2018-01-17,sh.600176,18.3500,18.4300,16.5000,16.5000,18.3300,117458727,1984233404.0000,4.024504,-9.983633,1,0
2018-01-18,sh.600176,16.3000,17.0000,16.2000,16.9600,16.5000,58412750,971929022.0000,2.001404,2.787873,1,0
2018-01-19,sh.600176,16.8400,17.1500,16.6000,17.0600,16.9600,52028069,878603183.0000,1.782645,0.589625,1,0
2018-01-22,sh.600176,16.8000,17.6600,16.7000,17.6500,17.0600,36797987,633185160.0000,1.260814,3.458383,1,0
2018-01-23,sh.600176,17.5000,18.2500,17.3800,17.8800,17.6500,30090146,537190561.0000,1.030983,1.303114,1,0
2018-01-24,sh.600176,17.8700,17.9000,17.3200,17.4600,17.8800,24239405,425931406.0000,0.830518,-2.348994,1,0
2018-01-25,sh.600176,17.4800,17.7100,17.0200,17.5000,17.4600,25357878,441388139.0000,0.868840,0.229100,1,0
2018-01-26,sh.600176,17.3600,17.5400,17.0100,17.0900,17.5000,31394019,539688575.0000,1.075657,-2.342856,1,0
2018-01-29,sh.600176,17.2800,17.4200,15.8000,16.2500,17.0900,71668442,1171291114.0000,2.455585,-4.915156,1,0
2018-01-30,sh.600176,16.1000,16.8600,16.0300,16.7000,16.2500,34612602,574328927.0000,1.185936,2.769236,1,0
2018-01-31,sh.600176,16.6500,16.8000,16.2500,16.5400,16.7000,21131211,348885568.0000,0.724021,-0.958083,1,0
2018-02-01,sh.600176,16.5400,17.0400,16.3500,16.6000,16.5400,25789729,430855767.0000,0.883637,0.362754,1,0
2018-02-02,sh.600176,16.3000,17.6900,16.0900,17.5800,16.6000,48169466,826103212.0000,1.650437,5.903612,1,0
2018-02-05,sh.600176,17.2600,17.6000,17.2400,17.3900,17.5800,33475931,582524003.0000,1.146990,-1.080777,1,0
2018-02-06,sh.600176,16.9000,16.9000,15.6500,16.1100,17.3900,55821796,910257750.0000,1.912630,-7.360546,1,0
2018-02-07,sh.600176,16.6000,16.6900,15.1400,15.4500,16.1100,36608027,581966152.0000,1.254306,-4.096839,1,0
2018-02-08,sh.600176,15.4000,15.8600,15.0700,15.2600,15.4500,27396761,421681386.0000,0.938699,-1.229771,1,0
2018-02-09,sh.600176,14.5300,14.9000,13.8200,14.2800,15.2600,59476385,853196308.0000,2.037847,-6.422021,1,0
2018-02-12,sh.600176,14.3100,14.9500,14.3100,14.8600,14.2800,29901886,440709572.0000,1.024532,4.061624,1,0
2018-02-13,sh.600176,15.1500,15.6600,14.9400,15.1000,14.8600,26657482,407301754.0000,0.913369,1.615079,1,0
2018-02-14,sh.600176,15.1300,15.7000,15.1000,15.4900,15.1000,15745363,242879248.0000,0.539485,2.582777,1,0
2018-02-22,sh.600176,15.6800,16.1500,15.6000,15.9500,15.4900,18403596,294247128.0000,0.630565,2.969658,1,0
2018-02-23,sh.600176,15.9200,16.2900,15.7600,16.0600,15.9500,16085708,258215981.0000,0.551147,0.689653,1,0
2018-02-26,sh.600176,16.1500,16.6200,16.1500,16.5000,16.0600,18920189,310508434.0000,0.648265,2.739729,1,0
2018-02-27,sh.600176,16.4200,16.5800,15.8900,15.9900,16.5000,22079363,357071858.0000,0.756508,-3.090910,1,0
2018-02-28,sh.600176,15.5000,16.0600,15.5000,15.9600,15.9900,18721623,296194947.0000,0.641461,-0.187616,1,0
2018-03-01,sh.600176,15.7900,16.2300,15.7500,15.9200,15.9600,19701590,314976672.0000,0.675038,-0.250626,1,0
2018-03-02,sh.600176,15.8300,16.4400,15.7000,16.3100,15.9200,21789186,352581420.0000,0.746566,2.449745,1,0
2018-03-05,sh.600176,16.3100,16.3500,14.9300,15.4400,16.3100,38103432,596462519.0000,1.305543,-5.334150,1,0
2018-03-06,sh.600176,15.5900,15.9200,15.3100,15.8700,15.4400,21143335,331597284.0000,0.724437,2.784976,1,0
2018-03-07,sh.600176,15.8500,16.1900,15.7600,15.8700,15.8700,16055974,256854272.0000,0.550128,0.000000,1,0
2018-03-08,sh.600176,15.8600,16.0800,15.5100,15.9300,15.8700,16407828,258838327.0000,0.562184,0.378074,1,0
2018-03-09,sh.600176,16.1400,16.4300,16.0200,16.2100,15.9300,22045865,357052599.0000,0.755360,1.757682,1,0
2018-03-12,sh.600176,16.2300,17.0700,16.1000,16.8900,16.2100,36719151,613796021.0000,1.258113,4.194943,1,0
2018-03-13,sh.600176,16.8100,17.0000,16.7500,16.8800,16.8900,18131341,305974024.0000,0.621237,-0.059208,1,0
2018-03-14,sh.600176,16.8600,17.0500,16.5400,16.9600,16.8800,23096551,390000016.0000,0.791360,0.473933,1,0
2018-03-15,sh.600176,16.9500,17.4700,16.8200,17.2100,16.9600,25953172,445593752.0000,0.889237,1.474057,1,0
2018-03-16,sh.600176,17.2200,17.4700,16.7500,16.7900,17.2100,23153227,395195149.0000,0.793302,-2.440431,1,0
2018-03-19,sh.600176,16.7900,16.8800,16.3400,16.5000,16.7900,24869425,412087137.0000,0.852104,-1.727224,1,0
2018-03-20,sh.600176,16.7200,17.3500,16.5300,17.2300,16.5000,37976753,642184548.0000,1.301202,4.424240,1,0
2018-03-21,sh.600176,17.2500,17.6700,16.7300,16.7700,17.2300,29917394,514775718.0000,1.025064,-2.669757,1,0
2018-03-22,sh.600176,16.9400,17.0300,16.4500,16.5600,16.7700,21682436,361572382.0000,0.742908,-1.252242,1,0
2018-03-23,sh.600176,15.5500,16.0400,15.0600,15.5100,16.5600,40132818,624275682.0000,1.375076,-6.340575,1,0
2018-03-26,sh.600176,15.1000,16.1500,15.0500,15.9800,15.5100,34592559,536820602.0000,1.185249,3.030299,1,0
2018-03-27,sh.600176,16.3000,16.3400,15.6500,16.0000,15.9800,36444992,580054006.0000,1.248720,0.125159,1,0
2018-03-28,sh.600176,15.6000,15.8500,15.0200,15.0700,16.0000,31033508,477840750.0000,1.063305,-5.812502,1,0
2018-03-29,sh.600176,15.4200,15.7800,14.9600,15.6200,15.0700,30395086,466322374.0000,1.041431,3.649636,1,0
2018-03-30,sh.600176,15.6800,15.7500,15.4100,15.5400,15.6200,20807529,323712718.0000,0.712931,-0.512163,1,0
2018-04-02,sh.600176,15.6800,15.9500,15.4500,15.5100,15.5400,21293786,334632193.0000,0.729592,-0.193049,1,0
2018-04-03,sh.600176,15.2900,15.2900,14.5000,14.8900,15.5100,45597492,675434170.0000,1.562313,-3.997420,1,0
2018-04-04,sh.600176,15.0100,15.2400,14.8800,15.0000,14.8900,24116500,363409824.0000,0.826307,0.738749,1,0
2018-04-09,sh.600176,14.8500,15.0900,14.6800,14.7900,15.0000,18206553,269703887.0000,0.623814,-1.400000,1,0
2018-04-10,sh.600176,14.8500,15.5400,14.7800,15.5000,14.7900,29519421,449431175.0000,1.011428,4.800541,1,0
2018-04-11,sh.600176,15.5500,15.7400,15.3000,15.4500,15.5000,19387804,300891438.0000,0.664287,-0.322582,1,0
2018-04-12,sh.600176,15.4600,15.5400,15.2000,15.3400,15.4500,13992474,214408789.0000,0.479426,-0.711972,1,0
2018-04-13,sh.600176,15.4500,15.4900,14.9000,15.0800,15.3400,20363129,308028700.0000,0.697705,-1.694917,1,0
2018-04-16,sh.600176,14.9200,15.0500,14.0800,14.3600,15.0800,51616118,742543638.0000,1.768530,-4.774538,1,0
2018-04-17,sh.600176,14.3500,14.3500,13.5800,13.6600,14.3600,48321085,671427784.0000,1.655632,-4.874651,1,0
2018-04-18,sh.600176,13.7900,13.9500,13.1500,13.7600,13.6600,35703169,485545626.0000,1.223302,0.732067,1,0
2018-04-19,sh.600176,13.7700,14.3500,13.7700,14.1900,13.7600,32608423,461568023.0000,1.117267,3.124995,1,0
2018-04-20,sh.600176,14.1700,14.2700,13.5900,13.6500,14.1900,22021666,305733272.0000,0.754531,-3.805496,1,0
2018-04-23,sh.600176,13.6800,13.9200,13.4100,13.6100,13.6500,18155950,247030416.0000,0.622080,-0.293040,1,0
2018-04-24,sh.600176,13.9000,14.4800,13.8200,14.2200,13.6100,36833687,523750762.0000,1.262037,4.482003,1,0
2018-04-25,sh.600176,14.1600,14.2800,13.9300,14.0700,14.2200,25460307,358385885.0000,0.872350,-1.054856,1,0
2018-04-26,sh.600176,14.1200,14.3500,13.9500,14.1000,14.0700,25940132,367711641.0000,0.888790,0.213225,1,0
2018-04-27,sh.600176,14.2500,14.2700,13.4900,14.0000,14.1000,34890896,482711589.0000,1.195471,-0.709223,1,0
2018-05-02,sh.600176,14.0500,14.1800,13.6600,13.8500,14.0000,25424354,351922532.0000,0.871118,-1.071426,1,0
2018-05-03,sh.600176,13.9300,14.3500,13.7400,14.3100,13.8500,22403799,316122109.0000,0.767624,3.321300,1,0
2018-05-04,sh.600176,14.2600,14.4400,14.1300,14.2600,14.3100,18175225,260374826.0000,0.622740,-0.349407,1,0
2018-05-07,sh.600176,14.3300,14.8300,14.3000,14.7000,14.2600,27471941,402572828.0000,0.941275,3.085551,1,0
2018-05-08,sh.600176,14.6600,15.1200,14.6500,15.0800,14.7000,24556069,368456676.0000,0.841368,2.585035,1,0
2018-05-09,sh.600176,15.0500,15.1500,14.8000,14.9700,15.0800,15246380,228031186.0000,0.522389,-0.729441,1,0
2018-05-10,sh.600176,14.9700,15.1500,14.8700,15.0300,14.9700,12229494,183383537.0000,0.419021,0.400798,1,0
2018-05-11,sh.600176,15.1500,15.1900,14.8800,14.9800,15.0300,14108889,211270041.0000,0.483415,-0.332669,1,0
2018-05-14,sh.600176,15.0800,15.6500,15.0300,15.5000,14.9800,33285905,512530912.0000,1.140479,3.471298,1,0
2018-05-15,sh.600176,15.5400,15.7100,15.3200,15.4700,15.5000,22175866,343235540.0000,0.759815,-0.193547,1,0
2018-05-16,sh.600176,15.4600,15.4600,14.9900,15.1500,15.4700,22202592,336325594.0000,0.760730,-2.068524,1,0
2018-05-17,sh.600176,12.4300,12.6000,12.3100,12.3800,12.4200,14084642,175103923.0000,0.402153,-0.322061,1,0
2018-05-18,sh.600176,12.3600,12.3700,11.9400,12.1400,12.3800,31365605,379701372.0000,0.895570,-1.938609,1,0
2018-05-21,sh.600176,12.4100,13.1500,12.4100,13.0800,12.1400,56789528,726556733.0000,1.621489,7.742995,1,0
2018-05-22,sh.600176,13.0500,13.2300,12.7700,13.1600,13.0800,44753616,582853788.0000,1.277833,0.611620,1,0
2018-05-23,sh.600176,13.1800,13.1800,12.8400,12.9400,13.1600,37245185,482901631.0000,1.063447,-1.671735,1,0
2018-05-24,sh.600176,12.8600,12.8600,12.3700,12.4000,12.9400,38777773,485325164.0000,1.107207,-4.173106,1,0
2018-05-25,sh.600176,12.3800,12.4800,12.0500,12.1100,12.4000,31374573,381940536.0000,0.895826,-2.338710,1,0
2018-05-28,sh.600176,12.1100,12.3200,11.8300,12.1700,12.1100,29097662,352065281.0000,0.830814,0.495462,1,0
2018-05-29,sh.600176,12.1800,12.2000,11.7500,11.7900,12.1700,29434861,351698686.0000,0.840442,-3.122433,1,0
2018-05-30,sh.600176,11.6000,11.9600,11.2100,11.6700,11.7900,28672288,334883873.0000,0.818669,-1.017811,1,0
2018-05-31,sh.600176,11.8500,12.1900,11.8000,12.1800,11.6700,30164645,362316063.0000,0.861279,4.370182,1,0
2018-06-01,sh.600176,12.1600,12.3900,11.9400,12.2900,12.1800,39855850,488142307.0000,1.137989,0.903117,1,0
2018-06-04,sh.600176,12.3000,12.3600,11.9700,12.0200,12.2900,29009887,349724268.0000,0.828308,-2.196904,1,0
2018-06-05,sh.600176,12.0000,12.4500,11.9400,12.4000,12.0200,30601167,375871885.0000,0.873743,3.161391,1,0
2018-06-06,sh.600176,12.3500,12.4800,12.2000,12.3200,12.4000,22116274,272400812.0000,0.631477,-0.645161,1,0
2018-06-07,sh.600176,12.3600,12.4900,12.1700,12.1800,12.3200,32665204,402765253.0000,0.932677,-1.136359,1,0
2018-06-08,sh.600176,12.0900,12.1600,11.7800,11.8100,12.1800,40688017,484437918.0000,1.161749,-3.037766,1,0
2018-06-11,sh.600176,11.7900,12.0500,11.7000,11.8400,11.8100,28607636,339795096.0000,0.816823,0.254020,1,0
2018-06-12,sh.600176,11.8200,12.2100,11.8000,12.1400,11.8400,27729514,333706363.0000,0.791750,2.533785,1,0
2018-06-13,sh.600176,12.1300,12.2200,11.9300,12.0300,12.1400,18765687,226234274.0000,0.535809,-0.906101,1,0
2018-06-14,sh.600176,11.9900,12.0800,11.6800,11.8800,12.0300,22484453,266201247.0000,0.641990,-1.246880,1,0
2018-06-15,sh.600176,11.8000,11.9500,11.5500,11.6600,11.8800,21888229,256421671.0000,0.624966,-1.851854,1,0
2018-06-19,sh.600176,11.4600,11.4600,10.5000,10.8300,11.6600,47482000,520205810.0000,1.355735,-7.118352,1,0
2018-06-20,sh.600176,10.8000,11.2100,10.7200,11.0600,10.8300,35823872,394105029.0000,1.022865,2.123735,1,0
2018-06-21,sh.600176,11.1500,11.4600,10.9800,10.9900,11.0600,33981364,382221156.0000,0.970257,-0.632917,1,0
2018-06-22,sh.600176,10.9800,11.3500,10.7600,11.2500,10.9900,24083017,268351042.0000,0.687633,2.365789,1,0
2018-06-25,sh.600176,11.3800,11.4700,10.9900,11.0400,11.2500,25441636,286111071.0000,0.726425,-1.866667,1,0
2018-06-26,sh.600176,10.8000,10.8900,10.5000,10.7400,11.0400,41558236,444574539.0000,1.186596,-2.717393,1,0
2018-06-27,sh.600176,10.7800,10.9100,10.0400,10.4000,10.7400,52187494,541684164.0000,1.490089,-3.165737,1,0
2018-06-28,sh.600176,10.4000,10.4100,9.7600,9.9400,10.4000,61195157,614221701.0000,1.747281,-4.423078,1,0
2018-06-29,sh.600176,10.0000,10.3600,9.8600,10.2300,9.9400,38246021,388654244.0000,1.092024,2.917505,1,0
2018-07-02,sh.600176,10.2600,10.3100,9.6700,9.8500,10.2300,45317655,449811462.0000,1.293937,-3.714557,1,0
2018-07-03,sh.600176,9.8400,9.9100,9.2400,9.6600,9.8500,59776976,568782392.0000,1.706789,-1.928939,1,0
2018-07-04,sh.600176,9.6600,9.7800,9.2800,9.3600,9.6600,52685803,499064728.0000,1.504317,-3.105592,1,0
2018-07-05,sh.600176,9.3800,9.5300,8.9700,9.0200,9.3600,48519225,446026976.0000,1.385350,-3.632470,1,0
2018-07-06,sh.600176,9.0100,9.2700,8.7200,9.0600,9.0200,47405274,427734309.0000,1.353544,0.443459,1,0
2018-07-09,sh.600176,9.1000,9.9700,9.1000,9.9700,9.0600,72833274,703434120.0000,2.079580,10.044150,1,0
2018-07-10,sh.600176,10.1500,10.2500,9.9400,10.0800,9.9700,70123981,707226223.0000,2.002223,1.103306,1,0
2018-07-11,sh.600176,9.8000,10.2500,9.5300,10.2300,10.0800,76193157,747398179.0000,2.175513,1.488091,1,0
2018-07-12,sh.600176,10.1200,10.8800,10.0800,10.5100,10.2300,75281121,787987811.0000,2.149472,2.737055,1,0
2018-07-13,sh.600176,10.5100,10.8000,10.3900,10.6300,10.5100,40140651,427273756.0000,1.146120,1.141769,1,0
2018-07-16,sh.600176,10.6700,10.9400,10.5200,10.5600,10.6300,33235541,354209832.0000,0.948961,-0.658511,1,0
2018-07-17,sh.600176,10.6200,10.7000,10.4900,10.6600,10.5600,32621504,345253148.0000,0.931429,0.946964,1,0
2018-07-18,sh.600176,10.7600,10.7900,10.3400,10.3700,10.6600,30696570,324019339.0000,0.876467,-2.720450,1,0
2018-07-19,sh.600176,10.4400,10.8700,10.4400,10.7000,10.3700,46553642,499678121.0000,1.329228,3.182256,1,0
2018-07-20,sh.600176,10.6400,11.0200,10.4900,10.9400,10.7000,47342220,510263256.0000,1.351744,2.242989,1,0
2018-07-23,sh.600176,10.8200,11.1700,10.6800,11.0300,10.9400,48171060,526834532.0000,1.375409,0.822671,1,0
2018-07-24,sh.600176,11.0800,11.7800,11.0800,11.6000,11.0300,62189381,716080205.0000,1.775669,5.167730,1,0
2018-07-25,sh.600176,11.5200,11.6000,11.3400,11.3600,11.6000,30000833,342762059.0000,0.856602,-2.068972,1,0
2018-07-26,sh.600176,11.3500,11.4500,10.9600,11.1100,11.3600,39280266,437234166.0000,1.121554,-2.200704,1,0
2018-07-27,sh.600176,11.0300,11.1800,10.8100,10.9100,11.1100,28124629,309937806.0000,0.803032,-1.800178,1,0
2018-07-30,sh.600176,10.9100,11.3300,10.9100,11.0900,10.9100,29675544,330710805.0000,0.847314,1.649865,1,0
2018-07-31,sh.600176,11.0600,11.1400,10.7300,11.0700,11.0900,26557315,291077330.0000,0.758281,-0.180347,1,0
2018-08-01,sh.600176,11.0800,11.2800,10.7100,10.7600,11.0700,34642171,382109355.0000,0.989124,-2.800357,1,0
2018-08-02,sh.600176,10.7000,10.7100,10.2300,10.3900,10.7600,42932474,446950473.0000,1.225834,-3.438661,1,0
2018-08-03,sh.600176,10.3500,10.5900,10.1600,10.2000,10.3900,43606730,451750159.0000,1.245086,-1.828686,1,0
2018-08-06,sh.600176,10.1600,10.3000,9.6300,9.7700,10.2000,42116859,417177827.0000,1.202546,-4.215680,1,0
2018-08-07,sh.600176,9.8600,10.2800,9.8200,10.2700,9.7700,32030654,322619253.0000,0.914559,5.117707,1,0
2018-08-08,sh.600176,10.2800,10.4800,10.1600,10.3500,10.2700,28606596,295499425.0000,0.816793,0.778967,1,0
2018-08-09,sh.600176,10.2000,10.5600,10.0900,10.4200,10.3500,30236442,314118378.0000,0.863329,0.676326,1,0
2018-08-10,sh.600176,10.4000,10.6600,10.3600,10.5900,10.4200,25910680,273135600.0000,0.739818,1.631479,1,0
2018-08-13,sh.600176,10.4700,10.5400,10.1000,10.4400,10.5900,25431835,262606772.0000,0.726145,-1.416436,1,0
2018-08-14,sh.600176,10.3900,10.4900,10.1300,10.2600,10.4400,20218242,208504028.0000,0.577284,-1.724132,1,0
2018-08-15,sh.600176,10.2800,10.5000,9.9500,10.0100,10.2600,43782118,447094119.0000,1.250094,-2.436647,1,0
2018-08-16,sh.600176,9.6500,10.1500,9.6500,9.9800,10.0100,35847419,356897363.0000,1.023537,-0.299707,1,0
2018-08-17,sh.600176,10.1200,10.1700,9.6800,9.7100,9.9800,33135322,324512183.0000,0.946100,-2.705406,1,0
2018-08-20,sh.600176,9.7300,9.8500,9.3700,9.7300,9.7100,40885263,390860693.0000,1.167381,0.205968,1,0
2018-08-21,sh.600176,9.7400,10.1400,9.7000,10.0500,9.7300,43936021,439108171.0000,1.254488,3.288804,1,0
2018-08-22,sh.600176,10.0300,10.1800,9.9700,10.0600,10.0500,29063442,293004423.0000,0.829837,0.099505,1,0
2018-08-23,sh.600176,10.0800,10.1600,9.8300,10.1000,10.0600,26572342,266907110.0000,0.758710,0.397614,1,0
2018-08-24,sh.600176,10.0600,10.2000,10.0200,10.1200,10.1000,20293278,205443164.0000,0.579426,0.198015,1,0
2018-08-27,sh.600176,10.1200,10.6000,10.1200,10.4600,10.1200,37720415,393275161.0000,1.077016,3.359685,1,0
2018-08-28,sh.600176,10.5500,10.7500,10.4100,10.6000,10.4600,30494435,323019647.0000,0.870696,1.338435,1,0
2018-08-29,sh.600176,10.5800,10.6900,10.4600,10.6300,10.6000,17809854,188487987.0000,0.508518,0.283016,1,0
2018-08-30,sh.600176,10.6500,10.7500,10.4500,10.6800,10.6300,26623550,282650667.0000,0.760172,0.470369,1,0
2018-08-31,sh.600176,10.5000,10.6300,10.2900,10.5000,10.6800,28936061,302581457.0000,0.826200,-1.685396,1,0
2018-09-03,sh.600176,10.3900,10.4500,10.1800,10.3700,10.5000,18908221,194544742.0000,0.539879,-1.238096,1,0
2018-09-04,sh.600176,10.4600,10.5700,10.2100,10.5000,10.3700,24262836,253091813.0000,0.692767,1.253617,1,0
2018-09-05,sh.600176,10.4000,10.4400,10.0800,10.0900,10.5000,19557758,200571599.0000,0.558425,-3.904761,1,0
2018-09-06,sh.600176,10.0400,10.2500,9.8500,10.1300,10.0900,23173961,232977115.0000,0.661677,0.396432,1,0
2018-09-07,sh.600176,10.1700,10.3200,9.9500,10.1200,10.1300,19612726,198670349.0000,0.559995,-0.098719,1,0
2018-09-10,sh.600176,10.0500,10.1300,9.6600,9.7200,10.1200,25079744,246234253.0000,0.716092,-3.952565,1,0
2018-09-11,sh.600176,9.7200,9.8200,9.1700,9.4200,9.7200,43692779,410253425.0000,1.247543,-3.086422,1,0
2018-09-12,sh.600176,9.4200,9.4200,9.1000,9.3500,9.4200,26962497,250039426.0000,0.769850,-0.743097,1,0
2018-09-13,sh.600176,9.5500,9.6100,9.3500,9.5600,9.3500,25244578,238877148.0000,0.720799,2.245990,1,0
2018-09-14,sh.600176,9.5800,9.6700,9.4600,9.5700,9.5600,21155737,202216689.0000,0.604051,0.104595,1,0
2018-09-17,sh.600176,9.4400,9.5200,9.3100,9.3700,9.5700,16591108,156084970.0000,0.473719,-2.089862,1,0
2018-09-18,sh.600176,9.3000,9.9300,9.3000,9.9000,9.3700,33516970,323315645.0000,0.956997,5.656347,1,0
2018-09-19,sh.600176,9.8000,10.0600,9.7100,9.9500,9.9000,25509164,253125018.0000,0.728353,0.505052,1,0
2018-09-20,sh.600176,9.9900,10.1700,9.9400,10.0900,9.9500,21371114,215187570.0000,0.610201,1.407039,1,0
2018-09-21,sh.600176,10.1000,10.3600,10.0100,10.2700,10.0900,17926578,183200716.0000,0.511851,1.783947,1,0
2018-09-25,sh.600176,10.1700,10.2200,10.0300,10.2100,10.2700,18905667,191334451.0000,0.539806,-0.584230,1,0
2018-09-26,sh.600176,10.1100,10.5200,10.1100,10.3600,10.2100,39878317,413386054.0000,1.138630,1.469144,1,0
2018-09-27,sh.600176,10.3600,10.5600,10.3100,10.4600,10.3600,25060760,262523732.0000,0.715550,0.965255,1,0
2018-09-28,sh.600176,10.5000,10.7100,10.4600,10.6100,10.4600,24592829,261446128.0000,0.702189,1.434031,1,0
2018-10-08,sh.600176,10.4500,10.5000,10.2200,10.3200,10.6100,30982815,320493272.0000,0.884640,-2.733270,1,0
2018-10-09,sh.600176,10.3200,10.4400,10.2100,10.3500,10.3200,21332400,220514350.0000,0.609096,0.290704,1,0
2018-10-10,sh.600176,10.4000,10.4600,10.2000,10.2900,10.3500,21684991,223910669.0000,0.619163,-0.579714,1,0
2018-10-11,sh.600176,9.9300,10.2800,9.6700,9.8600,10.2900,43444802,435074787.0000,1.240462,-4.178817,1,0
2018-10-12,sh.600176,9.8000,10.3500,9.8000,10.3500,9.8600,28178450,284339122.0000,0.804568,4.969582,1,0
2018-10-15,sh.600176,10.4300,10.4800,9.9900,10.1400,10.3500,29673954,301993710.0000,0.847269,-2.028986,1,0
2018-10-16,sh.600176,9.8000,9.9000,9.1300,9.2100,10.1400,63793222,598608503.0000,1.821463,-9.171600,1,0
2018-10-17,sh.600176,9.3000,9.3600,8.7500,9.1300,9.2100,36305176,328438305.0000,1.036608,-0.868620,1,0
2018-10-18,sh.600176,9.0100,9.0900,8.8800,8.9800,9.1300,16849100,151398244.0000,0.481086,-1.642942,1,0
2018-10-19,sh.600176,8.7400,9.3600,8.7000,9.2700,8.9800,30537422,277498325.0000,0.871923,3.229409,1,0
2018-10-22,sh.600176,9.4000,10.1100,9.4000,9.9900,9.2700,39628435,390248645.0000,1.131495,7.766982,1,0
2018-10-23,sh.600176,10.0500,10.1000,9.7200,9.7800,9.9900,26330626,259853232.0000,0.751808,-2.102103,1,0
2018-10-24,sh.600176,9.7000,9.9800,9.6500,9.7500,9.7800,19871415,194625285.0000,0.567381,-0.306746,1,0
2018-10-25,sh.600176,9.3100,9.6100,9.2600,9.5200,9.7500,26095503,245205556.0000,0.745095,-2.358970,1,0
2018-10-26,sh.600176,9.7800,9.8500,9.4500,9.5500,9.5200,19155125,184502558.0000,0.546929,0.315123,1,0
2018-10-29,sh.600176,9.4800,9.5500,9.0900,9.2900,9.5500,22975858,212992617.0000,0.656021,-2.722515,1,0
2018-10-30,sh.600176,9.2100,9.4300,9.0400,9.2600,9.2900,19941842,184419062.0000,0.569392,-0.322925,1,0
2018-10-31,sh.600176,9.3000,9.5500,9.2700,9.4000,9.2600,22347777,210958783.0000,0.638087,1.511872,1,0
2018-11-01,sh.600176,9.5600,9.8400,9.5600,9.6400,9.4000,35010520,339424264.0000,0.999642,2.553199,1,0
2018-11-02,sh.600176,9.9500,10.1500,9.7400,10.0300,9.6400,55805024,555845082.0000,1.593379,4.045637,1,0
2018-11-05,sh.600176,9.9700,10.2600,9.9300,10.1400,10.0300,38795624,390742595.0000,1.107716,1.096716,1,0
2018-11-06,sh.600176,10.1500,10.1600,9.9500,10.0400,10.1400,13110580,131211835.0000,0.374341,-0.986197,1,0
2018-11-07,sh.600176,10.1200,10.2000,9.9900,10.0100,10.0400,17253217,173671164.0000,0.492624,-0.298802,1,0
2018-11-08,sh.600176,10.1000,10.2500,9.9900,10.0000,10.0100,18922299,191584107.0000,0.540281,-0.099902,1,0
2018-11-09,sh.600176,9.9000,10.0600,9.8600,9.9200,10.0000,12794654,127131936.0000,0.365321,-0.799999,1,0
2018-11-12,sh.600176,9.8500,10.1200,9.8300,10.1100,9.9200,15671597,156710437.0000,0.447465,1.915318,1,0
2018-11-13,sh.600176,10.0100,10.4900,9.9400,10.3400,10.1100,32292120,329973170.0000,0.922024,2.274980,1,0
2018-11-14,sh.600176,10.3200,10.4300,10.1700,10.2500,10.3400,17212044,177212839.0000,0.491449,-0.870408,1,0
2018-11-15,sh.600176,10.1500,10.3400,10.1500,10.2700,10.2500,15448370,158356671.0000,0.441091,0.195126,1,0
2018-11-16,sh.600176,10.2600,10.5800,10.2400,10.4500,10.2700,26561025,276818202.0000,0.758387,1.752671,1,0
2018-11-19,sh.600176,10.4500,10.7700,10.4100,10.7000,10.4500,32124581,340436113.0000,0.917241,2.392344,1,0
2018-11-20,sh.600176,10.6000,10.6800,10.2500,10.2700,10.7000,29456232,309348102.0000,0.841052,-4.018686,1,0
2018-11-21,sh.600176,10.1500,10.6700,10.0400,10.6700,10.2700,31274340,325563463.0000,0.892964,3.894835,1,0
2018-11-22,sh.600176,10.6500,10.7300,10.4500,10.4800,10.6700,16811138,177746932.0000,0.480002,-1.780698,1,0
2018-11-23,sh.600176,10.5100,10.5200,10.1800,10.2400,10.4800,17361000,178598536.0000,0.495702,-2.290074,1,0
2018-11-26,sh.600176,10.2500,10.3200,9.9600,9.9900,10.2400,18110174,182391906.0000,0.517093,-2.441406,1,0
2018-11-27,sh.600176,10.0600,10.2700,10.0300,10.1000,9.9900,16093879,163118250.0000,0.459522,1.101107,1,0
2018-11-28,sh.600176,10.0700,10.2100,9.9500,10.1800,10.1000,16044321,162027426.0000,0.458107,0.792078,1,0
2018-11-29,sh.600176,10.2900,10.3600,10.0000,10.0100,10.1800,15211454,154875110.0000,0.434327,-1.669942,1,0
2018-11-30,sh.600176,10.0000,10.1500,9.9500,10.1300,10.0100,12067452,121363204.0000,0.344557,1.198800,1,0
2018-12-03,sh.600176,10.5500,10.6700,10.4700,10.6400,10.1300,35870111,379541462.0000,1.024185,5.034553,1,0
2018-12-04,sh.600176,10.5800,10.6600,10.4500,10.5400,10.6400,15606233,164447442.0000,0.445599,-0.939853,1,0
2018-12-05,sh.600176,10.3500,10.4300,10.2100,10.3600,10.5400,18160944,187611838.0000,0.518542,-1.707783,1,0
2018-12-06,sh.600176,10.2500,10.2900,10.0400,10.0700,10.3600,21532107,218271619.0000,0.614798,-2.799227,1,0
2018-12-07,sh.600176,10.0600,10.1800,10.0400,10.1800,10.0700,9360122,94625552.0000,0.267256,1.092360,1,0
2018-12-10,sh.600176,10.1000,10.1600,9.9900,10.0000,10.1800,14722191,147900200.0000,0.420357,-1.768176,1,0
2018-12-11,sh.600176,10.0400,10.1200,9.9900,10.0800,10.0000,9024826,90631967.0000,0.257682,0.799999,1,0
2018-12-12,sh.600176,10.1100,10.2400,10.0800,10.1500,10.0800,11051354,112252525.0000,0.315545,0.694441,1,0
2018-12-13,sh.600176,10.1500,10.5600,10.0900,10.5300,10.1500,32710802,340985579.0000,0.933979,3.743844,1,0
2018-12-14,sh.600176,10.5000,10.7000,10.4100,10.4600,10.5300,31069406,327153007.0000,0.887113,-0.664764,1,0
2018-12-17,sh.600176,10.4300,10.7400,10.4000,10.5100,10.4600,23923236,252901042.0000,0.683071,0.478013,1,0
2018-12-18,sh.600176,10.4500,10.5700,10.3300,10.4700,10.5100,15380924,160815279.0000,0.439166,-0.380590,1,0
2018-12-19,sh.600176,10.4800,10.5600,10.2800,10.3500,10.4700,13099258,136444970.0000,0.374018,-1.146131,1,0
2018-12-20,sh.600176,10.3500,10.4200,10.2500,10.3700,10.3500,9780931,101203959.0000,0.279271,0.193232,1,0
2018-12-21,sh.600176,10.2800,10.3500,10.1100,10.2300,10.3700,13410641,136788367.0000,0.382909,-1.350052,1,0
2018-12-24,sh.600176,10.2100,10.3000,10.1000,10.2300,10.2300,15219733,155096588.0000,0.434563,0.000000,1,0
2018-12-25,sh.600176,10.1600,10.1600,9.6700,9.8700,10.2300,30322016,298875388.0000,0.865773,-3.519058,1,0
2018-12-26,sh.600176,9.8600,9.9200,9.5200,9.5800,9.8700,18863154,182515192.0000,0.538592,-2.938196,1,0
2018-12-27,sh.600176,9.8000,9.8600,9.5500,9.6000,9.5800,21462737,207550914.0000,0.612817,0.208773,1,0
2018-12-28,sh.600176,9.5800,9.7500,9.5500,9.6700,9.6000,12409948,119702457.0000,0.354336,0.729163,1,0
2019-01-02,sh.600176,9.6500,9.7300,9.3900,9.4700,9.6700,20155979,192015438.0000,0.575506,-2.068250,1,0
2019-01-03,sh.600176,9.5300,9.5500,9.4200,9.4600,9.4700,12979073,123030515.0000,0.370586,-0.105599,1,0
2019-01-04,sh.600176,9.4000,9.7100,9.2200,9.6000,9.4600,25320519,240104237.0000,0.722967,1.479919,1,0
2019-01-07,sh.600176,9.7000,9.7300,9.3000,9.6000,9.6000,26972267,256233404.0000,0.770129,0.000000,1,0
2019-01-08,sh.600176,9.5000,9.5900,9.3800,9.4300,9.6000,19241170,181938848.0000,0.549386,-1.770834,1,0
2019-01-09,sh.600176,9.4600,9.7700,9.4300,9.5700,9.4300,23120487,222743046.0000,0.660150,1.484617,1,0
2019-01-10,sh.600176,9.5800,9.6100,9.4400,9.4800,9.5700,14110423,134100257.0000,0.402889,-0.940441,1,0
2019-01-11,sh.600176,9.5000,9.6200,9.4200,9.5600,9.4800,14029169,133843170.0000,0.400569,0.843891,1,0
2019-01-14,sh.600176,9.5400,9.5700,9.4200,9.4600,9.5600,13157511,124401557.0000,0.375681,-1.046029,1,0
2019-01-15,sh.600176,9.4300,9.5800,9.3900,9.5800,9.4600,17485387,166330000.0000,0.499253,1.268498,1,0
2019-01-16,sh.600176,9.5800,9.7500,9.5400,9.6300,9.5800,22171820,213833459.0000,0.633063,0.521923,1,0
2019-01-17,sh.600176,9.6400,9.6600,9.4800,9.5100,9.6300,15209990,145127628.0000,0.434285,-1.246105,1,0
2019-01-18,sh.600176,9.5100,9.6700,9.5000,9.6300,9.5100,18408254,176610010.0000,0.525604,1.261828,1,0
2019-01-21,sh.600176,9.6600,9.9500,9.6600,9.8800,9.6300,32927235,324635582.0000,0.940158,2.596054,1,0
2019-01-22,sh.600176,9.8500,9.9900,9.7200,9.8100,9.8800,19479714,191347284.0000,0.556197,-0.708499,1,0
2019-01-23,sh.600176,9.8100,9.9000,9.7600,9.8200,9.8100,10596434,104155403.0000,0.302556,0.101929,1,0
2019-01-24,sh.600176,9.8700,10.0900,9.8200,10.0400,9.8200,21367238,213053126.0000,0.610090,2.240329,1,0
2019-01-25,sh.600176,10.0500,10.3700,10.0300,10.2000,10.0400,30174572,309428707.0000,0.861563,1.593624,1,0
2019-01-28,sh.600176,10.2200,10.4600,10.1000,10.2000,10.2000,18715708,191764266.0000,0.534382,0.000000,1,0
2019-01-29,sh.600176,10.0800,10.2400,10.0000,10.1400,10.2000,15422682,156149274.0000,0.440358,-0.588230,1,0
2019-01-30,sh.600176,10.0800,10.2400,10.0300,10.0600,10.1400,12995379,131981536.0000,0.371052,-0.788954,1,0
2019-01-31,sh.600176,10.1100,10.2000,9.8700,9.9300,10.0600,18642507,186603280.0000,0.532292,-1.292248,1,0
2019-02-01,sh.600176,10.0200,10.1600,9.9500,10.1400,9.9300,21967105,221484777.0000,0.627218,2.114804,1,0
2019-02-11,sh.600176,10.1500,10.4400,10.1400,10.3900,10.1400,26690520,275281840.0000,0.762084,2.465483,1,0
2019-02-12,sh.600176,10.3400,10.4000,10.2500,10.3900,10.3900,25037733,258824206.0000,0.714893,0.000000,1,0
2019-02-13,sh.600176,10.4200,11.3700,10.3500,11.2600,10.3900,68037294,742368928.0000,1.942642,8.373435,1,0
2019-02-14,sh.600176,11.1800,11.4300,11.0600,11.1700,11.2600,37766281,422347918.0000,1.078326,-0.799291,1,0
2019-02-15,sh.600176,11.1700,11.1700,10.8000,10.8100,11.1700,41279887,451348974.0000,1.178648,-3.222916,1,0
2019-02-18,sh.600176,10.9000,11.2700,10.8800,11.1500,10.8100,53823799,596933463.0000,1.536810,3.145228,1,0
2019-02-19,sh.600176,11.1500,11.2900,10.9000,11.0200,11.1500,33580675,371970824.0000,0.958816,-1.165912,1,0
2019-02-20,sh.600176,11.0200,11.0600,10.8800,11.0500,11.0200,24300661,266506289.0000,0.693847,0.272230,1,0
2019-02-21,sh.600176,11.0100,11.1600,10.8600,10.9200,11.0500,40330255,442311516.0000,1.151534,-1.176472,1,0
2019-02-22,sh.600176,10.8600,10.8800,10.5500,10.7800,10.9200,59882099,640719608.0000,1.709790,-1.282054,1,0
2019-02-25,sh.600176,10.7700,11.2800,10.7000,11.2100,10.7800,95219292,1049097210.0000,2.718759,3.988871,1,0
2019-02-26,sh.600176,11.3500,11.3500,10.9500,11.0200,11.2100,72734941,808903038.0000,2.076772,-1.694911,1,0
2019-02-27,sh.600176,11.1500,11.1500,10.7600,10.8100,11.0200,59897990,655167781.0000,1.710244,-1.905626,1,0
2019-02-28,sh.600176,10.8300,11.0100,10.7400,10.9600,10.8100,39403348,429776572.0000,1.125068,1.387601,1,0
2019-03-01,sh.600176,11.0600,11.2700,10.9200,11.2700,10.9600,67950504,757459469.0000,1.940164,2.828471,1,0
2019-03-04,sh.600176,11.5100,11.6500,11.2500,11.4200,11.2700,103988869,1190814337.0000,2.969154,1.330964,1,0
2019-03-05,sh.600176,11.3900,11.3900,11.1200,11.2700,11.4200,82937369,929749437.0000,2.368078,-1.313482,1,0
2019-03-06,sh.600176,11.3200,11.3900,11.1000,11.2300,11.2700,89800373,1008992196.0000,2.564035,-0.354933,1,0
2019-03-07,sh.600176,11.1900,11.1900,10.8800,11.0000,11.2300,97751870,1076598114.0000,2.791071,-2.048082,1,0
2019-03-08,sh.600176,10.8100,10.8100,10.3800,10.4100,11.0000,94330414,998340915.0000,2.693379,-5.363637,1,0
2019-03-11,sh.600176,10.3800,10.6500,10.2700,10.6300,10.4100,62303050,651608575.0000,1.778915,2.113355,1,0
2019-03-12,sh.600176,10.6400,10.7800,10.4700,10.6300,10.6300,80300711,853671365.0000,2.292795,0.000000,1,0
2019-03-13,sh.600176,10.6100,10.7800,10.4000,10.6000,10.6300,64458459,681372690.0000,1.840457,-0.282218,1,0
2019-03-14,sh.600176,10.6300,10.7600,10.4000,10.5300,10.6000,59252852,628413878.0000,1.691824,-0.660384,1,0
2019-03-15,sh.600176,10.5900,10.8300,10.5100,10.6900,10.5300,69927570,747813588.0000,1.996615,1.519467,1,0
2019-03-18,sh.600176,10.7200,11.1200,10.6200,11.0500,10.6900,94487278,1024417350.0000,2.697858,3.367639,1,0
2019-03-19,sh.600176,11.0700,11.1100,10.7000,10.7600,11.0500,94366472,1024337812.0000,2.694409,-2.624434,1,0
2019-03-20,sh.600176,10.7500,11.1100,10.5500,11.0000,10.7600,97763878,1059182575.0000,2.791414,2.230481,1,0
2019-03-21,sh.600176,10.8300,10.8900,10.7100,10.7900,11.0000,99768768,1078304563.0000,2.848659,-1.909091,1,0
2019-03-22,sh.600176,10.7700,10.8500,10.7100,10.8400,10.7900,52449819,565065647.0000,1.497579,0.463394,1,0
2019-03-25,sh.600176,10.6600,10.7400,10.5800,10.5900,10.8400,49130159,523706764.0000,1.402794,-2.306273,1,0
2019-03-26,sh.600176,10.6200,10.7100,10.4900,10.5100,10.5900,37415724,396832163.0000,1.068317,-0.755429,1,0
2019-03-27,sh.600176,10.5700,10.6300,10.4600,10.5400,10.5100,33061709,348359712.0000,0.943998,0.285440,1,0
2019-03-28,sh.600176,10.5400,10.6200,10.4300,10.4800,10.5400,27207470,286099147.0000,0.776844,-0.569264,1,0
2019-03-29,sh.600176,10.4700,10.7300,10.4700,10.7000,10.4800,52824682,562775458.0000,1.508283,2.099239,1,0
2019-04-01,sh.600176,10.8600,11.3900,10.8600,11.2800,10.7000,140296651,1568107390.0000,4.005835,5.420560,1,0
2019-04-02,sh.600176,11.4000,11.7600,11.3400,11.4300,11.2800,130874024,1506051120.0000,3.736795,1.329792,1,0
2019-04-03,sh.600176,11.3700,11.7500,11.2900,11.6500,11.4300,86343034,999388215.0000,2.465319,1.924753,1,0
2019-04-04,sh.600176,11.6500,12.0400,11.6500,11.8600,11.6500,105742001,1254612984.0000,3.019210,1.802575,1,0
2019-04-08,sh.600176,12.0700,12.6300,12.0100,12.3500,11.8600,140910273,1736938068.0000,4.023356,4.131541,1,0
2019-04-09,sh.600176,12.3000,12.3000,11.8900,12.0200,12.3500,66860798,803478879.0000,1.909050,-2.672064,1,0
2019-04-10,sh.600176,11.9000,12.0400,11.6100,11.8100,12.0200,68384658,806910014.0000,1.952560,-1.747089,1,0
2019-04-11,sh.600176,11.8200,11.9700,11.6200,11.6600,11.8100,52540173,617704675.0000,1.500159,-1.270115,1,0
2019-04-12,sh.600176,11.6700,11.7400,11.3800,11.4900,11.6600,52283893,602947771.0000,1.492842,-1.457977,1,0
2019-04-15,sh.600176,11.7600,11.9600,11.3200,11.3700,11.4900,64893010,755946664.0000,1.852865,-1.044385,1,0
2019-04-16,sh.600176,11.3600,11.8900,11.2600,11.8900,11.3700,73032001,849485820.0000,2.085254,4.573443,1,0
2019-04-17,sh.600176,11.8800,11.9600,11.6600,11.7500,11.8900,46202539,543542301.0000,1.319203,-1.177463,1,0
2019-04-18,sh.600176,11.7400,11.7800,11.4400,11.4500,11.7500,44482841,514226611.0000,1.270101,-2.553193,1,0
2019-04-19,sh.600176,11.4600,11.7000,11.4400,11.5500,11.4500,43214983,499316852.0000,1.233901,0.873366,1,0
2019-04-22,sh.600176,11.6200,11.6500,11.1200,11.1400,11.5500,66085452,745553252.0000,1.886912,-3.549782,1,0
2019-04-23,sh.600176,11.1400,11.2400,10.9900,11.0400,11.1400,44947193,497521678.0000,1.283360,-0.897669,1,0
2019-04-24,sh.600176,11.0600,11.2500,10.9900,11.2100,11.0400,38300533,426355513.0000,1.093580,1.539856,1,0
2019-04-25,sh.600176,10.8700,11.0600,10.7500,10.9000,11.2100,58200510,633712798.0000,1.661776,-2.765392,1,0
2019-04-26,sh.600176,10.8000,10.9700,10.7100,10.8600,10.9000,32863458,356699545.0000,0.938337,-0.366972,1,0
2019-04-29,sh.600176,10.8600,10.9800,10.6000,10.8000,10.8600,35279641,380441106.0000,1.007326,-0.552481,1,0
2019-04-30,sh.600176,10.8400,11.0600,10.8000,10.9000,10.8000,26619851,291337223.0000,0.760066,0.925921,1,0
2019-05-06,sh.600176,10.5000,10.5200,9.8700,9.9500,10.9000,61713654,622391239.0000,1.762086,-8.715594,1,0
2019-05-07,sh.600176,9.9900,10.2400,9.9200,10.1000,9.9500,34736134,351019883.0000,0.991807,1.507543,1,0
2019-05-08,sh.600176,9.9000,10.1000,9.8000,9.9100,10.1000,20188352,201176840.0000,0.576430,-1.881193,1,0
2019-05-09,sh.600176,9.8400,9.9400,9.6200,9.7800,9.9100,30073542,292795622.0000,0.858678,-1.311807,1,0
2019-05-10,sh.600176,9.8600,9.9900,9.6000,9.9500,9.7800,32734962,323685464.0000,0.934669,1.738242,1,0
2019-05-13,sh.600176,9.8500,9.9100,9.7300,9.7400,9.9500,19458381,190841901.0000,0.555588,-2.110553,1,0
2019-05-14,sh.600176,9.6100,9.7600,9.5600,9.5600,9.7400,30012354,288850826.0000,0.856931,-1.848043,1,0
2019-05-15,sh.600176,9.6500,9.8300,9.6500,9.7600,9.5600,29885051,291121944.0000,0.853296,2.092048,1,0
2019-05-16,sh.600176,9.7900,9.9000,9.7000,9.8400,9.7600,26400194,259068487.0000,0.753794,0.819671,1,0
2019-05-17,sh.600176,9.8700,9.8700,9.4600,9.4800,9.8400,40847232,391945323.0000,1.166295,-3.658543,1,0
2019-05-20,sh.600176,9.5900,9.5900,9.1900,9.3700,9.4800,35932686,335517844.0000,1.025972,-1.160334,1,0
2019-05-21,sh.600176,9.4200,9.6400,9.2800,9.6300,9.3700,45641787,433960122.0000,1.303192,2.774816,1,0
2019-05-22,sh.600176,9.5900,9.9400,9.5400,9.7800,9.6300,42460494,414317496.0000,1.212358,1.557628,1,0
2019-05-23,sh.600176,9.7900,9.8300,9.5600,9.6000,9.7800,22019092,212767498.0000,0.628703,-1.840484,1,0
2019-05-24,sh.600176,9.3800,9.5200,9.3200,9.4900,9.3800,19840376,187381371.0000,0.566495,1.172704,1,0
2019-05-27,sh.600176,9.4600,9.6200,9.3900,9.6000,9.4900,24584607,234491484.0000,0.701955,1.159121,1,0
2019-05-28,sh.600176,9.5700,9.6400,9.4200,9.4600,9.6000,23709601,226327667.0000,0.676971,-1.458337,1,0
2019-05-29,sh.600176,9.4500,9.5100,9.3600,9.4400,9.4600,22955027,216521352.0000,0.655426,-0.211421,1,0
2019-05-30,sh.600176,9.4000,9.4200,9.1700,9.2500,9.4400,27040938,250432568.0000,0.772089,-2.012707,1,0
2019-05-31,sh.600176,9.2400,9.3700,9.2100,9.2400,9.2500,19602589,181924622.0000,0.559705,-0.108111,1,0
2019-06-03,sh.600176,9.2400,9.2900,8.9800,9.0200,9.2400,38144075,345931285.0000,1.089113,-2.380945,1,0
2019-06-04,sh.600176,9.0500,9.0600,8.9100,8.9800,9.0200,22570971,203210229.0000,0.644460,-0.443469,1,0
2019-06-05,sh.600176,9.0500,9.0700,8.9500,8.9900,8.9800,20190876,181544365.0000,0.576502,0.111361,1,0
2019-06-06,sh.600176,9.0000,9.0200,8.8300,8.8800,8.9900,19103787,169877530.0000,0.545463,-1.223578,1,0
2019-06-10,sh.600176,8.8800,9.0400,8.8800,8.9500,8.8800,12176878,109070378.0000,0.347682,0.788285,1,0
2019-06-11,sh.600176,9.0500,9.3400,9.0500,9.3200,8.9500,26900442,248168448.0000,0.768078,4.134077,1,0
2019-06-12,sh.600176,9.2800,9.4500,9.2400,9.2500,9.3200,17639564,164494461.0000,0.503656,-0.751070,1,0
2019-06-13,sh.600176,9.2500,9.2800,9.1100,9.2300,9.2500,12168674,111928205.0000,0.347447,-0.216221,1,0
2019-06-14,sh.600176,9.2300,9.2300,9.0700,9.0900,9.2300,13204310,120617618.0000,0.377018,-1.516786,1,0
2019-06-17,sh.600176,9.0700,9.1700,9.0700,9.1400,9.0900,10339974,94466187.0000,0.295233,0.550057,1,0
2019-06-18,sh.600176,9.1300,9.1700,9.0700,9.1300,9.1400,9155269,83493336.0000,0.261407,-0.109412,1,0
2019-06-19,sh.600176,9.3600,9.4600,9.2700,9.3000,9.1300,23945927,223742290.0000,0.683719,1.861994,1,0
2019-06-20,sh.600176,9.2600,9.5500,9.2500,9.4800,9.3000,24384972,230374370.0000,0.696255,1.935477,1,0
2019-06-21,sh.600176,9.5300,9.6600,9.5000,9.5700,9.4800,24802872,237123973.0000,0.708187,0.949369,1,0
2019-06-24,sh.600176,9.5700,9.7800,9.4700,9.7500,9.5700,26535721,257156845.0000,0.757664,1.880881,1,0
2019-06-25,sh.600176,9.7400,9.7400,9.4700,9.5600,9.7500,15658034,149939025.0000,0.447078,-1.948714,1,0
2019-06-26,sh.600176,9.5000,9.5700,9.4200,9.4400,9.5600,15668784,148528772.0000,0.447385,-1.255239,1,0
2019-06-27,sh.600176,9.4300,9.6300,9.4300,9.5900,9.4400,18236465,174246299.0000,0.520699,1.588989,1,0
2019-06-28,sh.600176,9.6100,9.6300,9.4500,9.5300,9.5900,13936107,132935383.0000,0.397912,-0.625656,1,0
2019-07-01,sh.600176,9.6800,9.7800,9.6800,9.7200,9.5300,19081816,185626866.0000,0.544836,1.993710,1,0
2019-07-02,sh.600176,9.6800,9.8900,9.6600,9.8000,9.7200,18362873,180146357.0000,0.524308,0.823044,1,0
2019-07-03,sh.600176,9.7700,9.7700,9.6500,9.7000,9.8000,13140451,127591038.0000,0.375194,-1.020412,1,0
2019-07-04,sh.600176,9.7000,9.8500,9.7000,9.7400,9.7000,11384086,111255446.0000,0.325045,0.412371,1,0
2019-07-05,sh.600176,9.7500,9.7700,9.6000,9.6300,9.7400,12137918,117161976.0000,0.346569,-1.129360,1,0
2019-07-08,sh.600176,9.6400,9.6400,9.1500,9.3100,9.6300,21341673,199174659.0000,0.609360,-3.322946,1,0
2019-07-09,sh.600176,9.2500,9.3800,9.0500,9.1700,9.3100,18568213,170339148.0000,0.530171,-1.503763,1,0
2019-07-10,sh.600176,9.1500,9.2200,9.0400,9.1000,9.1700,13194750,120130806.0000,0.376745,-0.763355,1,0
2019-07-11,sh.600176,9.1200,9.2200,9.1000,9.1300,9.1000,10252918,93965929.0000,0.292748,0.329667,1,0
2019-07-12,sh.600176,9.1300,9.2400,9.1000,9.1300,9.1300,10684647,97908282.0000,0.305075,0.000000,1,0
2019-07-15,sh.600176,9.1600,9.2300,8.9800,9.1500,9.1300,12597408,114721538.0000,0.359689,0.219053,1,0
2019-07-16,sh.600176,9.1600,9.2400,9.0700,9.1800,9.1500,15723942,143992997.0000,0.448960,0.327876,1,0
2019-07-17,sh.600176,9.1600,9.1900,9.1000,9.1200,9.1800,12636909,115413085.0000,0.360817,-0.653599,1,0
2019-07-18,sh.600176,9.1000,9.1300,9.0300,9.0700,9.1200,11036341,100145171.0000,0.315116,-0.548248,1,0
2019-07-19,sh.600176,9.0700,9.1700,9.0600,9.0700,9.0700,11620123,105800000.0000,0.331785,0.000000,1,0
2019-07-22,sh.600176,9.0900,9.0900,8.8800,8.9200,9.0700,15901297,142204866.0000,0.454024,-1.653800,1,0
2019-07-23,sh.600176,8.8600,8.9700,8.8600,8.9200,8.9200,12930620,115139678.0000,0.369203,0.000000,1,0
2019-07-24,sh.600176,8.9600,9.0500,8.9400,8.9900,8.9200,13168284,118568131.0000,0.375989,0.784750,1,0
2019-07-25,sh.600176,9.0000,9.0100,8.9100,8.9300,8.9900,15183097,135767009.0000,0.433517,-0.667402,1,0
2019-07-26,sh.600176,8.9000,8.9600,8.8500,8.9500,8.9300,15119177,134457574.0000,0.431700,0.224000,1,0
2019-07-29,sh.600176,8.9200,8.9600,8.8500,8.8500,8.9500,16772938,148782942.0000,0.478911,-1.117312,1,0
2019-07-30,sh.600176,8.8400,8.9400,8.8300,8.8900,8.8500,16382377,145832001.0000,0.467800,0.452000,1,0
2019-07-31,sh.600176,8.9000,8.9400,8.8300,8.9200,8.8900,13075037,116176765.0000,0.373300,0.337500,1,0
2019-08-01,sh.600176,8.8700,8.9100,8.8300,8.8600,8.9200,10556523,93631898.0000,0.301400,-0.672700,1,0
2019-08-02,sh.600176,8.7100,8.7200,8.5800,8.6300,8.8600,24604498,212478423.0000,0.702500,-2.595900,1,0
2019-08-05,sh.600176,8.6200,8.7000,8.5600,8.5700,8.6300,14759730,127132660.0000,0.421400,-0.695300,1,0
2019-08-06,sh.600176,8.4500,8.4500,7.9100,8.3400,8.5700,36070980,295963665.0000,1.029900,-2.683800,1,0
2019-08-07,sh.600176,8.3400,8.4300,8.2000,8.2400,8.3400,11732588,97076147.0000,0.335000,-1.199000,1,0
2019-08-08,sh.600176,8.2400,8.3500,8.2000,8.2200,8.2400,11065819,91520792.0000,0.316000,-0.242700,1,0
2019-08-09,sh.600176,8.2800,8.3000,8.0200,8.1000,8.2200,17392682,141157451.0000,0.496600,-1.459900,1,0
2019-08-12,sh.600176,8.1000,8.1300,7.9300,8.0200,8.1000,23819647,190706887.0000,0.680100,-0.987700,1,0
2019-08-13,sh.600176,7.9600,8.3300,7.8700,8.2100,8.0200,26231289,212309217.0000,0.749000,2.369100,1,0
2019-08-14,sh.600176,8.3500,8.4000,8.2100,8.2100,8.2100,15739586,130646043.0000,0.449400,0.000000,1,0
2019-08-15,sh.600176,8.0100,8.3100,7.9400,8.2700,8.2100,21109519,172534752.0000,0.602700,0.730800,1,0
2019-08-16,sh.600176,8.3100,8.4500,8.2300,8.3800,8.2700,20512607,171761747.0000,0.585700,1.330100,1,0
2019-08-19,sh.600176,8.4700,8.5200,8.3500,8.4800,8.3800,15347362,129736301.0000,0.438200,1.193300,1,0
2019-08-20,sh.600176,8.4800,8.6200,8.4500,8.5500,8.4800,16162642,137998732.0000,0.461500,0.825500,1,0
2019-08-21,sh.600176,8.6100,8.7600,8.5500,8.7200,8.5500,22564944,195776355.0000,0.644300,1.988300,1,0
2019-08-22,sh.600176,8.6400,8.6400,8.4600,8.5700,8.7200,19061666,163286479.0000,0.544300,-1.720200,1,0
2019-08-23,sh.600176,8.5800,8.6800,8.4400,8.4700,8.5700,16189886,138089091.0000,0.462300,-1.166900,1,0
2019-08-26,sh.600176,8.2700,8.3900,8.2300,8.2500,8.4700,17912175,148745451.0000,0.511400,-2.597400,1,0
2019-08-27,sh.600176,8.3200,8.3600,8.2000,8.2500,8.2500,27497913,227796029.0000,0.785100,0.000000,1,0
2019-08-28,sh.600176,8.2100,8.3500,8.1200,8.2500,8.2500,24223352,198934385.0000,0.691600,0.000000,1,0
2019-08-29,sh.600176,8.2600,8.3000,8.1700,8.2500,8.2500,11930433,98363712.0000,0.340600,0.000000,1,0
2019-08-30,sh.600176,8.2800,8.3200,8.1800,8.1800,8.2500,9616678,79222679.0000,0.274600,-0.848500,1,0
2019-09-02,sh.600176,8.1500,8.2900,8.1500,8.2600,8.1800,14672047,121017914.0000,0.418900,0.978000,1,0
2019-09-03,sh.600176,8.2700,8.5400,8.2500,8.4600,8.2600,27244654,229705552.0000,0.777900,2.421300,1,0
2019-09-04,sh.600176,8.4200,8.6800,8.4000,8.6800,8.4600,25650785,220065563.0000,0.732400,2.600500,1,0
2019-09-05,sh.600176,8.7400,9.0900,8.7400,8.9000,8.6800,43768862,391558266.0000,1.249700,2.534600,1,0
2019-09-06,sh.600176,8.9500,9.0600,8.8000,8.8800,8.9000,30490218,271780112.0000,0.870600,-0.224700,1,0
2019-09-09,sh.600176,8.9800,9.0400,8.8400,8.9200,8.8800,24518154,218523508.0000,0.700100,0.450400,1,0
2019-09-10,sh.600176,8.9200,8.9700,8.7300,8.7800,8.9200,23717109,209174403.0000,0.677200,-1.569500,1,0
2019-09-11,sh.600176,8.8300,8.8600,8.6900,8.7000,8.7800,18063558,158142618.0000,0.515800,-0.911200,1,0
2019-09-12,sh.600176,8.7400,8.8300,8.6500,8.7500,8.7000,21121571,184106929.0000,0.603100,0.574700,1,0
2019-09-16,sh.600176,8.7700,8.7800,8.5600,8.6000,8.7500,31219009,269368966.0000,0.891400,-1.714300,1,0
2019-09-17,sh.600176,8.5700,8.5800,8.2300,8.2700,8.6000,34983850,293053434.0000,0.998900,-3.837200,1,0
2019-09-18,sh.600176,8.3100,8.3800,8.2700,8.3100,8.2700,17345960,144450588.0000,0.495300,0.483700,1,0
2019-09-19,sh.600176,8.3200,8.4100,8.2900,8.3900,8.3100,11524923,96429102.0000,0.329100,0.962700,1,0
2019-09-20,sh.600176,8.4200,8.4300,8.3200,8.3900,8.3900,17108422,143182061.0000,0.488500,0.000000,1,0
2019-09-23,sh.600176,8.3400,8.3500,8.1000,8.1400,8.3900,29565489,240964391.0000,0.844200,-2.979700,1,0
2019-09-24,sh.600176,8.1300,8.2300,8.1000,8.1700,8.1400,23581898,192685725.0000,0.673300,0.368500,1,0
2019-09-25,sh.600176,8.1800,8.2100,8.1200,8.1700,8.1700,14050041,114802843.0000,0.401200,0.000000,1,0
2019-09-26,sh.600176,8.1900,8.2700,8.1500,8.1700,8.1700,17088026,140248628.0000,0.487900,0.000000,1,0
2019-09-27,sh.600176,8.1400,8.1800,8.0700,8.1300,8.1700,12766039,103838154.0000,0.364500,-0.489600,1,0
2019-09-30,sh.600176,8.1300,8.1800,8.1000,8.1200,8.1300,10757078,87541983.0000,0.307100,-0.123000,1,0
2019-10-08,sh.600176,8.1500,8.4600,8.1300,8.3500,8.1200,22201247,185295050.0000,0.633900,2.832500,1,0
2019-10-09,sh.600176,8.3200,8.3400,8.2100,8.3300,8.3500,9767263,80849040.0000,0.278900,-0.239500,1,0
2019-10-10,sh.600176,8.3200,8.4100,8.2700,8.4000,8.3300,11036452,92346853.0000,0.315100,0.840300,1,0
2019-10-11,sh.600176,8.4000,8.4600,8.3200,8.3900,8.4000,12239730,102765991.0000,0.349500,-0.119000,1,0
2019-10-14,sh.600176,8.4500,8.4900,8.3500,8.3800,8.3900,21332265,179605988.0000,0.609100,-0.119200,1,0
2019-10-15,sh.600176,8.3800,8.3800,8.1600,8.2200,8.3800,18920565,155796691.0000,0.540200,-1.909300,1,0
2019-10-16,sh.600176,8.2300,8.4100,8.2300,8.3300,8.2200,15947910,133158543.0000,0.455400,1.338200,1,0
2019-10-17,sh.600176,8.3300,8.4600,8.2700,8.4500,8.3300,19210704,161436831.0000,0.548500,1.440600,1,0
2019-10-18,sh.600176,8.4100,8.5100,8.3300,8.4100,8.4500,14916108,125689778.0000,0.425900,-0.473400,1,0
2019-10-21,sh.600176,8.3500,8.4900,8.3300,8.4800,8.4100,15137720,127862225.0000,0.432200,0.832300,1,0
2019-10-22,sh.600176,8.4800,8.5500,8.4000,8.5100,8.4800,16105282,136505200.0000,0.459800,0.353800,1,0
2019-10-23,sh.600176,8.4400,8.4500,8.1500,8.3000,8.5100,28577683,236526514.0000,0.816000,-2.467700,1,0
2019-10-24,sh.600176,8.1900,8.2800,8.1200,8.1300,8.3000,25639780,209720923.0000,0.732100,-2.048200,1,0
2019-10-25,sh.600176,8.1100,8.1900,8.0800,8.1900,8.1300,24762719,201193049.0000,0.707000,0.738000,1,0
2019-10-28,sh.600176,8.1500,8.1900,8.1100,8.1700,8.1900,19681107,160516702.0000,0.561900,-0.244200,1,0
2019-10-29,sh.600176,8.1700,8.1800,8.0700,8.0700,8.1700,15980354,129800737.0000,0.456300,-1.224000,1,0
2019-10-30,sh.600176,8.0700,8.0700,7.9700,8.0000,8.0700,14763631,118303888.0000,0.421500,-0.867400,1,0
2019-10-31,sh.600176,7.9900,8.0700,7.8900,7.9300,8.0000,15716991,125339009.0000,0.448800,-0.875000,1,0
2019-11-01,sh.600176,8.0100,8.1800,7.9200,8.1700,7.9300,21174475,170876161.0000,0.604600,3.026500,1,0
2019-11-04,sh.600176,8.1500,8.4400,8.1400,8.3900,8.1700,31789845,265111423.0000,0.907700,2.692800,1,0
2019-11-05,sh.600176,8.4300,8.4800,8.3500,8.4500,8.3900,24932243,210458605.0000,0.711900,0.715100,1,0
2019-11-06,sh.600176,8.4600,8.6200,8.4500,8.4600,8.4500,30074353,256375537.0000,0.858700,0.118300,1,0
2019-11-07,sh.600176,8.4900,9.0000,8.4400,9.0000,8.4600,69198195,605883713.0000,1.975800,6.383000,1,0
2019-11-08,sh.600176,9.0000,9.2800,8.9500,8.9900,9.0000,55722911,506754401.0000,1.591000,-0.111100,1,0
2019-11-11,sh.600176,8.9900,8.9900,8.7200,8.7500,8.9900,29537045,260736584.0000,0.843400,-2.669600,1,0
2019-11-12,sh.600176,8.8600,8.9900,8.7000,8.8100,8.7500,16849117,148731735.0000,0.481100,0.685700,1,0
2019-11-13,sh.600176,8.9000,8.9100,8.6000,8.6300,8.8100,18474588,160612432.0000,0.527500,-2.043100,1,0
2019-11-14,sh.600176,8.7100,9.1000,8.6900,9.1000,8.6300,45812092,409845127.0000,1.308100,5.446100,1,0
2019-11-15,sh.600176,9.0200,9.0800,8.8500,8.9000,9.1000,18267377,163864053.0000,0.521600,-2.197800,1,0
2019-11-18,sh.600176,8.9000,9.1100,8.8200,9.0500,8.9000,29827420,268807439.0000,0.851700,1.685400,1,0
2019-11-19,sh.600176,9.0900,9.4600,9.0500,9.3500,9.0500,39505686,369999096.0000,1.128000,3.314900,1,0
2019-11-20,sh.600176,9.3200,9.6000,9.3200,9.4500,9.3500,35463030,336864651.0000,1.012600,1.069500,1,0
2019-11-21,sh.600176,9.3700,9.5600,9.3100,9.3600,9.4500,21366082,201122500.0000,0.610100,-0.952400,1,0
2019-11-22,sh.600176,9.3900,9.5000,9.3100,9.3600,9.3600,26346886,248274011.0000,0.752300,0.000000,1,0
2019-11-25,sh.600176,9.3800,9.8100,9.3800,9.5000,9.3600,36149549,346199695.0000,1.032200,1.495700,1,0
2019-11-26,sh.600176,9.4900,9.5300,9.2400,9.2400,9.5000,38972410,364607510.0000,1.112800,-2.736800,1,0
2019-11-27,sh.600176,9.3800,9.5500,9.2600,9.3000,9.2400,24195871,226958023.0000,0.690900,0.649400,1,0
2019-11-28,sh.600176,9.3600,9.3900,9.0300,9.1000,9.3000,28889598,264054424.0000,0.824900,-2.150500,1,0
2019-11-29,sh.600176,9.1100,9.1800,8.9100,9.0300,9.1000,19347884,174588121.0000,0.552400,-0.769200,1,0
2019-12-02,sh.600176,9.0900,9.4000,9.0900,9.1800,9.0300,26731306,246841205.0000,0.763200,1.661100,1,0
2019-12-03,sh.600176,9.0900,9.2100,8.9500,9.1200,9.1800,22555892,204811489.0000,0.644000,-0.653600,1,0
2019-12-04,sh.600176,9.0700,9.1500,8.9800,9.0400,9.1200,16761546,151288930.0000,0.478600,-0.877200,1,0
2019-12-05,sh.600176,9.0800,9.3800,9.0800,9.3100,9.0400,37430272,346667724.0000,1.068700,2.986700,1,0
2019-12-06,sh.600176,9.2600,9.4200,9.1800,9.3500,9.3100,22085372,205452344.0000,0.630600,0.429600,1,0
2019-12-09,sh.600176,9.4200,9.6100,9.3600,9.5100,9.3500,40648513,386449778.0000,1.160600,1.711200,1,0
2019-12-10,sh.600176,9.5000,9.8000,9.4800,9.7400,9.5100,44262813,429603016.0000,1.263800,2.418500,1,0
2019-12-11,sh.600176,9.8400,10.0900,9.7000,9.7400,9.7400,55868670,551511114.0000,1.595200,0.000000,1,0
2019-12-12,sh.600176,9.8200,10.0000,9.6300,9.9000,9.7400,40665384,399854049.0000,1.161100,1.642700,1,0
2019-12-13,sh.600176,10.1500,10.2000,9.9200,10.0000,9.9000,38467039,386056778.0000,1.098300,1.010100,1,0
2019-12-16,sh.600176,10.0400,10.1000,9.9100,10.0100,10.0000,30191705,302164782.0000,0.862100,0.100000,1,0
2019-12-17,sh.600176,10.0800,10.4700,9.9600,10.4000,10.0100,43959524,452023836.0000,1.255200,3.896100,1,0
2019-12-18,sh.600176,10.3600,10.5400,10.2000,10.2700,10.4000,28275211,293088680.0000,0.807300,-1.250000,1,0
2019-12-19,sh.600176,10.2700,10.3300,9.9900,10.1100,10.2700,36866292,373206970.0000,1.052600,-1.557900,1,0
2019-12-20,sh.600176,10.1000,10.3400,10.0600,10.2100,10.1100,24017307,246070200.0000,0.685800,0.989100,1,0
2019-12-23,sh.600176,10.2100,10.5400,10.2100,10.3100,10.2100,29022809,302198740.0000,0.828700,0.979400,1,0
2019-12-24,sh.600176,10.3100,10.4500,10.0300,10.3500,10.3100,31706418,323364236.0000,0.905300,0.388000,1,0
2019-12-25,sh.600176,10.4000,10.4000,10.0800,10.1800,10.3500,19481470,198188542.0000,0.556200,-1.642500,1,0
2019-12-26,sh.600176,10.1700,10.5500,10.1500,10.5400,10.1800,32172904,336052366.0000,0.918600,3.536300,1,0
2019-12-27,sh.600176,10.5400,10.8400,10.4400,10.6600,10.5400,39155290,416835103.0000,1.118000,1.138500,1,0
2019-12-30,sh.600176,10.8800,10.9800,10.6600,10.9000,10.6600,36255853,394593660.0000,1.035200,2.251400,1,0
2019-12-31,sh.600176,10.8100,11.0300,10.7300,10.9000,10.9000,31125065,338235923.0000,0.888700,0.000000,1,0
2020-01-02,sh.600176,11.0500,11.3000,10.9000,10.9600,10.9000,42534434,471519727.0000,1.214500,0.550500,1,0
2020-01-03,sh.600176,10.9600,11.0700,10.8600,11.0000,10.9600,26437766,290296173.0000,0.754900,0.365000,1,0
2020-01-06,sh.600176,10.8000,10.8900,10.5900,10.7200,11.0000,45768449,492111984.0000,1.306800,-2.545500,1,0
2020-01-07,sh.600176,10.7500,10.9400,10.6800,10.8000,10.7200,25150565,271287632.0000,0.718100,0.746300,1,0
2020-01-08,sh.600176,10.7100,10.7900,10.5600,10.6200,10.8000,45467766,484457186.0000,1.298200,-1.666700,1,0
2020-01-09,sh.600176,10.7600,11.0000,10.7200,10.7900,10.6200,31704176,343766912.0000,0.905200,1.600800,1,0
2020-01-10,sh.600176,10.8300,10.9100,10.7200,10.8700,10.7900,24184537,261714052.0000,0.690500,0.741400,1,0
2020-01-13,sh.600176,10.9000,11.4000,10.8100,11.3900,10.8700,48533166,543413734.0000,1.385700,4.783800,1,0
2020-01-14,sh.600176,11.3800,11.5800,11.1300,11.3000,11.3900,30792153,349662048.0000,0.879200,-0.790200,1,0
2020-01-15,sh.600176,11.2600,11.3000,11.0200,11.0600,11.3000,19863112,220970631.0000,0.567100,-2.123900,1,0
2020-01-16,sh.600176,11.0700,11.1900,10.9700,11.0800,11.0600,21710077,240523466.0000,0.619900,0.180800,1,0
2020-01-17,sh.600176,11.0800,11.1500,10.9200,10.9700,11.0800,14252949,157152813.0000,0.407000,-0.992800,1,0
2020-01-20,sh.600176,10.9500,11.3800,10.7600,11.2200,10.9700,36983529,411366790.0000,1.056000,2.278900,1,0
2020-01-21,sh.600176,11.2400,11.2600,10.7500,10.7800,11.2200,36833332,403013374.0000,1.051700,-3.921600,1,0
2020-01-22,sh.600176,10.6000,10.8600,10.3400,10.6800,10.7800,36659030,388923969.0000,1.046700,-0.927600,1,0
2020-01-23,sh.600176,10.6000,10.6000,9.8500,10.0000,10.6800,49609606,505622468.0000,1.416500,-6.367000,1,0
2020-02-03,sh.600176,9.0000,9.3500,9.0000,9.2100,10.0000,71670181,655782219.0000,2.046400,-7.900000,1,0
2020-02-04,sh.600176,9.2100,9.9100,9.2100,9.6800,9.2100,47662618,454468758.0000,1.360900,5.103200,1,0
2020-02-05,sh.600176,9.7000,9.8900,9.5800,9.8300,9.6800,43043216,418958833.0000,1.229000,1.549600,1,0
2020-02-06,sh.600176,9.7600,10.0600,9.5500,9.9000,9.8300,43297759,423631318.0000,1.236300,0.712100,1,0
2020-02-07,sh.600176,9.8100,9.9200,9.5600,9.7700,9.9000,29240942,283322477.0000,0.834900,-1.313100,1,0
2020-02-10,sh.600176,9.6500,10.0500,9.5600,9.9300,9.7700,36835214,363141320.0000,1.051700,1.637700,1,0
2020-02-11,sh.600176,9.9400,10.1500,9.8300,9.9200,9.9300,33183737,331278549.0000,0.947500,-0.100700,1,0
2020-02-12,sh.600176,9.8600,10.1700,9.8400,10.0800,9.9200,24649242,247866724.0000,0.703800,1.612900,1,0
2020-02-13,sh.600176,10.0500,10.4100,10.0300,10.0800,10.0800,30666056,314175573.0000,0.875600,0.000000,1,0
2020-02-14,sh.600176,10.1100,10.3500,10.0100,10.2000,10.0800,27866496,283378820.0000,0.795700,1.190500,1,0
2020-02-17,sh.600176,10.2000,10.3400,10.0700,10.3000,10.2000,36747049,375073599.0000,1.049200,0.980400,1,0
2020-02-18,sh.600176,10.2400,10.3400,10.0800,10.1400,10.3000,26900816,273574441.0000,0.768100,-1.553400,1,0
2020-02-19,sh.600176,10.1100,10.3800,10.0600,10.1400,10.1400,31877353,325554698.0000,0.910200,0.000000,1,0
2020-02-20,sh.600176,10.1900,10.3400,10.1000,10.3100,10.1400,36020672,368427630.0000,1.028500,1.676500,1,0
2020-02-21,sh.600176,10.3900,10.3900,10.1500,10.1900,10.3100,33369101,341641014.0000,0.952800,-1.163900,1,0
2020-02-24,sh.600176,10.1300,10.1300,9.9200,10.0000,10.1900,36161730,361482020.0000,1.032500,-1.864600,1,0
2020-02-25,sh.600176,9.7500,9.8200,9.5400,9.6800,10.0000,69188578,667675405.0000,1.975500,-3.200000,1,0
2020-02-26,sh.600176,9.5100,10.0400,9.3900,9.6900,9.6800,65226027,631021547.0000,1.862400,0.103300,1,0
2020-02-27,sh.600176,9.6400,10.0600,9.6100,9.7700,9.6900,39138404,385587284.0000,1.117500,0.825600,1,0
2020-02-28,sh.600176,9.5500,9.7300,9.1500,9.3800,9.7700,58319601,548480700.0000,1.665200,-3.991800,1,0
2020-03-02,sh.600176,9.4000,10.0200,9.2800,9.9700,9.3800,78583351,772359977.0000,2.243800,6.290000,1,0
2020-03-03,sh.600176,10.0800,10.1500,9.6000,9.7600,9.9700,59054436,579895180.0000,1.686200,-2.106300,1,0
2020-03-04,sh.600176,9.5800,9.8500,9.5500,9.7700,9.7600,39080478,378443864.0000,1.115800,0.102500,1,0
2020-03-05,sh.600176,9.8500,10.0500,9.8500,10.0000,9.7700,46120323,459493267.0000,1.316900,2.354100,1,0
2020-03-06,sh.600176,9.9000,9.9400,9.6300,9.6500,10.0000,46661220,452908968.0000,1.332300,-3.500000,1,0
2020-03-09,sh.600176,9.5000,9.5100,9.1700,9.1900,9.6500,52019290,483389565.0000,1.485300,-4.766800,1,0
2020-03-10,sh.600176,9.0400,9.3400,9.0400,9.2500,9.1900,38012088,349650943.0000,1.085300,0.652900,1,0
2020-03-11,sh.600176,9.2800,9.3400,9.1600,9.1600,9.2500,23698409,218266115.0000,0.676700,-0.973000,1,0
2020-03-12,sh.600176,9.0200,9.0700,8.6500,8.7200,9.1600,59863651,526699665.0000,1.709300,-4.803500,1,0
2020-03-13,sh.600176,8.1500,8.6300,8.1000,8.5100,8.7200,76115763,631022020.0000,2.173300,-2.408300,1,0
2020-03-16,sh.600176,8.5200,8.5200,8.0000,8.0400,8.5100,56304681,461406572.0000,1.607600,-5.522900,1,0
2020-03-17,sh.600176,8.0100,8.1800,7.7000,7.9800,8.0400,35957183,284995564.0000,1.026700,-0.746300,1,0
2020-03-18,sh.600176,8.1000,8.2500,7.9000,7.9200,7.9800,36499285,296086260.0000,1.042100,-0.751900,1,0
2020-03-19,sh.600176,7.9000,8.0200,7.6600,7.8800,7.9200,41606272,325500059.0000,1.188000,-0.505100,1,0
2020-03-20,sh.600176,7.9800,8.0800,7.8300,8.0100,7.8800,32339262,257951722.0000,0.923400,1.649700,1,0
2020-03-23,sh.600176,7.8000,7.8500,7.6100,7.6100,8.0100,47690169,367217719.0000,1.361700,-4.993800,1,0
2020-03-24,sh.600176,7.7800,7.8200,7.5200,7.7000,7.6100,37955596,291306373.0000,1.083700,1.182700,1,0
2020-03-25,sh.600176,7.9000,8.3500,7.9000,8.2800,7.7000,95595088,781905256.0000,2.729500,7.532500,1,0
2020-03-26,sh.600176,8.1800,8.2900,8.1200,8.1400,8.2800,25445765,208115950.0000,0.726500,-1.690800,1,0
2020-03-27,sh.600176,8.2700,8.4200,8.1500,8.3100,8.1400,44126980,366583660.0000,1.259900,2.088500,1,0
2020-03-30,sh.600176,8.1500,8.1900,7.8600,7.9700,8.3100,52868959,422903787.0000,1.509500,-4.091500,1,0
2020-03-31,sh.600176,8.0700,8.1100,7.8600,7.9000,7.9700,34996839,279301303.0000,0.999300,-0.878300,1,0
2020-04-01,sh.600176,7.8800,8.0900,7.8500,7.9100,7.9000,29977143,238651449.0000,0.855900,0.126600,1,0
2020-04-02,sh.600176,7.8500,8.0300,7.8300,8.0300,7.9100,24952911,198044178.0000,0.712500,1.517100,1,0
2020-04-03,sh.600176,8.0300,8.0300,7.9000,7.9400,8.0300,19837810,157821030.0000,0.566400,-1.120800,1,0
2020-04-07,sh.600176,8.0900,8.2500,8.0400,8.1700,7.9400,44553599,362146386.0000,1.272100,2.896700,1,0
2020-04-08,sh.600176,8.0300,8.4200,7.9900,8.3200,8.1700,50453254,415981008.0000,1.440600,1.836000,1,0
2020-04-09,sh.600176,8.3400,8.5600,8.2700,8.4600,8.3200,42651547,360947968.0000,1.217800,1.682700,1,0
2020-04-10,sh.600176,8.4300,8.5300,8.3100,8.3500,8.4600,23757771,199176666.0000,0.678300,-1.300200,1,0
2020-04-13,sh.600176,8.2700,8.3000,8.1700,8.2400,8.3500,16618542,136596578.0000,0.474500,-1.317400,1,0
2020-04-14,sh.600176,8.2900,8.5400,8.2400,8.5100,8.2400,35248797,297613850.0000,1.006400,3.276700,1,0
2020-04-15,sh.600176,8.5300,8.5400,8.3100,8.3200,8.5100,23440212,196644791.0000,0.669300,-2.232700,1,0
2020-04-16,sh.600176,8.2900,8.4000,8.2100,8.3200,8.3200,19002944,158018539.0000,0.542600,0.000000,1,0
2020-04-17,sh.600176,8.3700,8.6800,8.3400,8.5000,8.3200,43915342,374923980.0000,1.253900,2.163500,1,0
2020-04-20,sh.600176,8.5300,8.6300,8.4600,8.5200,8.5000,26173917,223142028.0000,0.747300,0.235300,1,0
2020-04-21,sh.600176,8.4600,8.4700,8.2100,8.2600,8.5200,23732341,196772367.0000,0.677600,-3.051600,1,0
2020-04-22,sh.600176,8.1500,8.3900,8.1200,8.3600,8.2600,20280188,168201639.0000,0.579100,1.210600,1,0
2020-04-23,sh.600176,8.4000,8.4200,8.2500,8.3000,8.3600,15642601,130248662.0000,0.446600,-0.717700,1,0
2020-04-24,sh.600176,8.2900,8.4500,8.2500,8.2800,8.3000,15245471,126818327.0000,0.435300,-0.241000,1,0
2020-04-27,sh.600176,8.1900,8.5000,8.1700,8.2800,8.2800,40199201,335414903.0000,1.147800,0.000000,1,0
2020-04-28,sh.600176,8.3000,8.3100,7.9900,8.1700,8.2800,32525348,266173767.0000,0.928700,-1.328500,1,0
2020-04-29,sh.600176,8.2000,8.4200,8.1600,8.3100,8.1700,21793796,181594972.0000,0.622300,1.713600,1,0
2020-04-30,sh.600176,8.3500,8.8000,8.3500,8.8000,8.3100,47840779,413969652.0000,1.366000,5.896500,1,0
2020-05-06,sh.600176,8.6600,8.9500,8.6500,8.8600,8.8000,34002992,298741664.0000,0.970900,0.681800,1,0
2020-05-07,sh.600176,8.8400,8.8500,8.6500,8.7000,8.8600,27751638,241728585.0000,0.792400,-1.805900,1,0
2020-05-08,sh.600176,8.7100,8.7800,8.6500,8.6900,8.7000,19492314,169797674.0000,0.556600,-0.114900,1,0
2020-05-11,sh.600176,8.7300,9.0800,8.7300,9.0500,8.6900,50025551,449132426.0000,1.428400,4.142700,1,0
2020-05-12,sh.600176,9.0100,9.2300,8.8300,9.2000,9.0500,37280900,337188340.0000,1.064500,1.657500,1,0
2020-05-13,sh.600176,9.1600,9.2700,9.0400,9.1800,9.2000,23131680,211436642.0000,0.660500,-0.217400,1,0
2020-05-14,sh.600176,9.2000,9.3100,9.0600,9.1400,9.1800,21378046,196070841.0000,0.610400,-0.435700,1,0
2020-05-15,sh.600176,9.2100,9.2300,9.0600,9.1200,9.1400,19863883,180991002.0000,0.567200,-0.218800,1,0
2020-05-18,sh.600176,9.2000,9.2500,8.8800,8.8900,9.1200,32119318,287935644.0000,0.917100,-2.521900,1,0
2020-05-19,sh.600176,9.0100,9.4800,9.0100,9.4100,8.8900,53366924,497238130.0000,1.523800,5.849300,1,0
2020-05-20,sh.600176,9.4000,9.5300,9.2900,9.3600,9.4100,32125997,301866918.0000,0.917300,-0.531400,1,0
2020-05-21,sh.600176,9.3700,9.6400,9.3200,9.5400,9.3600,43175183,410259748.0000,1.232800,1.923100,1,0
2020-05-22,sh.600176,9.3000,9.3300,8.8000,8.8900,9.3500,34592978,311297496.0000,0.987700,-4.919800,1,0
2020-05-25,sh.600176,8.8800,9.0500,8.8200,8.9900,8.8900,16664750,148915572.0000,0.475800,1.124900,1,0
2020-05-26,sh.600176,9.0000,9.2400,8.8900,8.9800,8.9900,34031423,308221600.0000,0.971700,-0.111200,1,0
2020-05-27,sh.600176,9.0000,9.0000,8.7800,8.8400,8.9800,21320770,188773368.0000,0.608800,-1.559000,1,0
2020-05-28,sh.600176,8.8300,8.9100,8.6300,8.7300,8.8400,21998283,192593216.0000,0.628100,-1.244400,1,0
2020-05-29,sh.600176,8.7300,8.8700,8.6500,8.8300,8.7300,18767789,164866098.0000,0.535900,1.145500,1,0
2020-06-01,sh.600176,8.9000,9.1400,8.8100,9.0800,8.8300,30967937,279157087.0000,0.884200,2.831300,1,0
2020-06-02,sh.600176,9.0600,9.1200,8.8600,9.0100,9.0800,28189026,252916309.0000,0.804900,-0.770900,1,0
2020-06-03,sh.600176,9.0200,9.1600,8.9600,8.9900,9.0100,34018346,308972881.0000,0.971300,-0.222000,1,0
2020-06-04,sh.600176,9.0500,9.1200,8.9300,9.0000,8.9900,17412693,156854458.0000,0.497200,0.111200,1,0
2020-06-05,sh.600176,8.9800,9.0100,8.8200,8.8500,9.0000,21299653,189326374.0000,0.608200,-1.666700,1,0
2020-06-08,sh.600176,8.9200,9.5500,8.9000,9.5100,8.8500,83115007,771954139.0000,2.373200,7.457600,1,0
2020-06-09,sh.600176,9.4600,9.9800,9.3900,9.8800,9.5100,78510581,769606753.0000,2.241700,3.890600,1,0
2020-06-10,sh.600176,9.8900,10.0600,9.8000,9.9300,9.8800,63662583,631197390.0000,1.817700,0.506100,1,0
2020-06-11,sh.600176,9.9800,10.0100,9.6200,9.7100,9.9300,45284163,443417830.0000,1.293000,-2.215500,1,0
2020-06-12,sh.600176,9.4900,9.5800,9.4000,9.5300,9.7100,51942911,492564374.0000,1.483100,-1.853800,1,0
2020-06-15,sh.600176,9.5000,9.5700,9.2700,9.2700,9.5300,40267081,378675977.0000,1.149700,-2.728200,1,0
2020-06-16,sh.600176,9.3700,9.5100,9.2600,9.4000,9.2700,43194458,404733845.0000,1.233300,1.402400,1,0
2020-06-17,sh.600176,9.4000,9.5200,9.3300,9.4000,9.4000,23945387,225000781.0000,0.683700,0.000000,1,0
2020-06-18,sh.600176,9.3700,9.4800,9.2500,9.3800,9.4000,28939274,270179791.0000,0.826300,-0.212800,1,0
2020-06-19,sh.600176,9.3800,9.4900,9.3600,9.4300,9.3800,29455467,278023547.0000,0.841000,0.533100,1,0
2020-06-22,sh.600176,9.4100,9.8300,9.3900,9.5700,9.4300,45200223,434891044.0000,1.290600,1.484600,1,0
2020-06-23,sh.600176,9.5300,9.5400,9.2900,9.3100,9.5700,39768797,373062971.0000,1.135500,-2.716800,1,0
2020-06-24,sh.600176,9.2800,9.4900,9.2800,9.3800,9.3100,19836604,186210968.0000,0.566400,0.751900,1,0
2020-06-29,sh.600176,9.3300,9.4600,9.1100,9.2600,9.3800,29313525,271600839.0000,0.837000,-1.279300,1,0
2020-06-30,sh.600176,9.2900,9.3100,9.0300,9.1500,9.2600,43886430,402457472.0000,1.253100,-1.187900,1,0
2020-07-01,sh.600176,9.1600,9.4900,9.0500,9.4900,9.1500,45901460,428551679.0000,1.310600,3.715800,1,0
2020-07-02,sh.600176,9.4300,9.8200,9.4100,9.7500,9.4900,63392643,614604454.0000,1.810000,2.739700,1,0
2020-07-03,sh.600176,9.7500,9.9600,9.6400,9.7000,9.7500,48010043,469193678.0000,1.370800,-0.512800,1,0
2020-07-06,sh.600176,9.8900,10.1000,9.8000,10.0900,9.7000,84881552,845680406.0000,2.423600,4.020600,1,0
2020-07-07,sh.600176,10.2800,10.4000,9.8800,9.9200,10.0900,74236076,745558541.0000,2.119600,-1.684800,1,0
2020-07-08,sh.600176,9.9900,10.0100,9.6600,9.9100,9.9200,79070581,776698555.0000,2.257700,-0.100800,1,0
2020-07-09,sh.600176,9.9000,10.2200,9.7900,10.2000,9.9100,79730068,795749228.0000,2.276500,2.926300,1,0
2020-07-10,sh.600176,10.1000,10.1000,9.7600,9.7900,10.2000,83705767,829533775.0000,2.390000,-4.019600,1,0
2020-07-13,sh.600176,9.7500,10.5800,9.7400,10.4700,9.7900,113343572,1158050710.0000,3.236300,6.945900,1,0
2020-07-14,sh.600176,10.4800,10.7200,10.2900,10.5600,10.4700,81280114,851984674.0000,2.320800,0.859600,1,0
2020-07-15,sh.600176,10.5200,10.6600,10.1900,10.3300,10.5600,65298361,679280185.0000,1.864400,-2.178000,1,0
2020-07-16,sh.600176,10.3600,10.7800,10.0300,10.1400,10.3300,73912030,772476963.0000,2.110400,-1.839300,1,0
2020-07-17,sh.600176,10.1900,10.9200,10.1000,10.9000,10.1400,109506623,1163322651.0000,3.126700,7.495100,1,0
2020-07-20,sh.600176,11.1500,11.9900,11.1500,11.9900,10.9000,182428867,2148205777.0000,5.208800,10.000000,1,0
2020-07-21,sh.600176,11.8300,11.9900,11.4900,11.8400,11.9900,96642694,1136081110.2200,2.759400,-1.251000,1,0
2020-07-22,sh.600176,11.9300,12.0800,11.6300,11.8000,11.8400,63037122,746628918.3100,1.799900,-0.337800,1,0
2020-07-23,sh.600176,11.5400,11.8300,11.2700,11.6900,11.8000,61594946,713035710.3500,1.758700,-0.932200,1,0
2020-07-24,sh.600176,11.5400,12.2600,11.3100,11.7500,11.6900,109989717,1299536058.0500,3.140500,0.513300,1,0
2020-07-27,sh.600176,12.5100,12.9300,11.8200,12.0200,11.7500,129430294,1597676456.0700,3.695600,2.297900,1,0
2020-07-28,sh.600176,12.1000,12.7500,11.6800,12.3200,12.0200,77281765,947334138.2800,2.206600,2.495800,1,0
2020-07-29,sh.600176,12.1400,13.5000,11.8700,13.3100,12.3200,105364613,1360312688.4600,3.008400,8.035700,1,0
2020-07-30,sh.600176,13.1800,14.3000,13.1800,13.9100,13.3100,121903719,1673397272.9500,3.480700,4.507900,1,0
2020-07-31,sh.600176,13.7800,13.9500,13.4500,13.8400,13.9100,75056226,1025625998.8000,2.143100,-0.503200,1,0
2020-08-03,sh.600176,13.9800,14.0300,12.4600,13.5000,13.8400,115199857,1530047054.4300,3.289300,-2.456600,1,0
2020-08-04,sh.600176,13.5000,14.1000,13.4200,13.8200,13.5000,101590946,1400591064.1200,2.900700,2.370400,1,0
2020-08-05,sh.600176,13.7800,13.8500,13.1200,13.5600,13.8200,77623544,1047133529.5800,2.216400,-1.881300,1,0
2020-08-06,sh.600176,13.5800,13.8400,13.2100,13.6200,13.5600,78768194,1062887489.9100,2.249000,0.442500,1,0
2020-08-07,sh.600176,13.3100,13.4800,12.7300,13.0200,13.6200,78866781,1034252176.9400,2.251900,-4.405300,1,0
2020-08-10,sh.600176,12.9100,13.5300,12.8700,13.2900,13.0200,62457020,827198265.5700,1.783300,2.073700,1,0
2020-08-11,sh.600176,13.4200,13.5400,13.0900,13.1200,13.2900,53075607,707395449.4000,1.515400,-1.279200,1,0
2020-08-12,sh.600176,12.9200,13.0500,12.3300,12.6800,13.1200,70847965,894693400.3300,2.022900,-3.353700,1,0
2020-08-13,sh.600176,12.7100,13.1500,12.6200,12.6900,12.6800,42387240,543721858.2700,1.210300,0.078900,1,0
2020-08-14,sh.600176,12.6800,12.9000,12.5200,12.8400,12.6900,35413935,450623506.3200,1.011200,1.182000,1,0
2020-08-17,sh.600176,13.1500,13.4000,12.8200,13.3000,12.8400,48075907,632629836.7800,1.372700,3.582600,1,0
2020-08-18,sh.600176,13.2100,13.4200,13.0100,13.2000,13.3000,34095283,450361756.9300,0.973500,-0.751900,1,0
2020-08-19,sh.600176,13.1400,14.5200,13.0800,14.3800,13.2000,151342941,2139086141.5700,4.321200,8.939400,1,0
2020-08-20,sh.600176,14.1800,14.7500,14.1000,14.3500,14.3800,94324816,1359855708.7700,2.693200,-0.208600,1,0
2020-08-21,sh.600176,14.3500,14.6500,14.1500,14.4000,14.3500,50708956,730228130.7300,1.447900,0.348400,1,0
2020-08-24,sh.600176,14.5700,15.0600,14.3900,14.5100,14.4000,59383036,872929878.9000,1.695500,0.763900,1,0
2020-08-25,sh.600176,14.4000,15.1500,14.1000,15.1500,14.5100,89658483,1309528847.1400,2.560000,4.410800,1,0
2020-08-26,sh.600176,15.4500,15.4700,14.1800,15.0000,15.1500,98652674,1451558637.1200,2.816800,-0.990100,1,0
2020-08-27,sh.600176,14.7400,14.9600,14.3100,14.6500,15.0000,42291939,617293368.0500,1.207500,-2.333300,1,0
2020-08-28,sh.600176,14.4400,14.9000,14.3500,14.7100,14.6500,41150695,599669366.5100,1.175000,0.409600,1,0
2020-08-31,sh.600176,14.7200,15.2600,14.7100,14.8500,14.7100,45610701,684974828.9800,1.302300,0.951700,1,0
2020-09-01,sh.600176,14.8500,15.2800,14.7900,14.8700,14.8500,38172826,570561252.3200,1.089900,0.134700,1,0
2020-09-02,sh.600176,14.9700,14.9900,14.2800,14.3100,14.8700,50965319,736157045.1200,1.455200,-3.766000,1,0
2020-09-03,sh.600176,14.4000,15.1000,14.3600,14.8800,14.3100,58141320,863292762.8500,1.660100,3.983200,1,0
2020-09-04,sh.600176,14.6500,15.1400,14.5400,14.9600,14.8800,39283595,581808905.0900,1.121600,0.537600,1,0
2020-09-07,sh.600176,15.0000,16.0500,14.9700,15.4000,14.9600,64682182,1008130342.7500,1.846800,2.941200,1,0
2020-09-08,sh.600176,15.5400,15.8800,15.0900,15.1600,15.4000,51728019,793921612.7300,1.477000,-1.558400,1,0
2020-09-09,sh.600176,14.7000,14.8500,14.2100,14.3800,15.1600,50332405,730967493.1700,1.437100,-5.145100,1,0
2020-09-10,sh.600176,14.5200,14.5700,13.6800,13.7600,14.3800,61551292,866283186.1400,1.757500,-4.311500,1,0
2020-09-11,sh.600176,13.3600,14.4800,13.3600,14.3100,13.7600,41762323,585464809.0900,1.192400,3.997100,1,0
2020-09-14,sh.600176,14.4500,14.8800,14.2500,14.5000,14.3100,33840010,492249126.6900,0.966200,1.327700,1,0
2020-09-15,sh.600176,14.5100,14.9700,14.3700,14.8600,14.5000,31291928,459654316.6400,0.893500,2.482800,1,0
2020-09-16,sh.600176,14.8000,15.1900,14.7200,14.9800,14.8600,33522468,503137315.4700,0.957200,0.807500,1,0
2020-09-17,sh.600176,14.9800,15.2500,14.7500,14.9700,14.9800,21936734,328605529.2100,0.626400,-0.066800,1,0
2020-09-18,sh.600176,14.9900,15.9500,14.9800,15.8900,14.9700,58222925,911758078.9800,1.662400,6.145600,1,0
2020-09-21,sh.600176,15.8900,16.0800,15.4300,15.7800,15.8900,42412016,666677816.4900,1.211000,-0.692300,1,0
2020-09-22,sh.600176,15.7000,16.1200,15.4800,15.4800,15.7800,37232818,584709983.3900,1.063100,-1.901100,1,0
2020-09-23,sh.600176,15.6300,15.9600,15.3900,15.5900,15.4800,26472686,413268860.5000,0.755900,0.710600,1,0
2020-09-24,sh.600176,15.4100,15.5500,14.9300,14.9500,15.5900,33086498,500782629.1700,0.944700,-4.105200,1,0
2020-09-25,sh.600176,15.1000,15.1900,14.6100,14.7200,14.9500,25305431,375190037.3000,0.722500,-1.538500,1,0
2020-09-28,sh.600176,14.9700,15.0800,14.5200,14.6200,14.7200,34063061,500857152.4000,0.972600,-0.679300,1,0
2020-09-29,sh.600176,14.7900,14.8500,14.5100,14.6900,14.6200,27165387,399938659.2200,0.775600,0.478800,1,0
2020-09-30,sh.600176,14.7300,14.8200,14.3700,14.4400,14.6900,25665476,373190129.2300,0.732800,-1.701800,1,0
2020-10-09,sh.600176,14.9400,15.7000,14.8700,15.4100,14.4400,44904879,689711981.7300,1.282200,6.717500,1,0
2020-10-12,sh.600176,15.5300,15.6800,15.1700,15.6200,15.4100,52033429,803902700.9700,1.485700,1.362800,1,0
2020-10-13,sh.600176,15.6500,16.0300,15.2900,15.9600,15.6200,34957096,548434000.3500,0.998100,2.176700,1,0
2020-10-14,sh.600176,16.0000,16.1900,15.7400,15.9900,15.9600,33427303,534061818.4100,0.954400,0.188000,1,0
2020-10-15,sh.600176,16.2300,16.2800,15.3500,15.4000,15.9900,25849745,403978380.3600,0.738100,-3.689800,1,0
2020-10-16,sh.600176,15.3500,15.4800,15.0600,15.3200,15.4000,24014722,366676766.4700,0.685700,-0.519500,1,0
2020-10-19,sh.600176,15.3200,15.4700,14.7500,14.8700,15.3200,25436207,382675863.7700,0.726300,-2.937300,1,0
2020-10-20,sh.600176,14.7700,14.8500,14.4300,14.7200,14.8700,43249134,633201864.4300,1.234900,-1.008700,1,0
2020-10-21,sh.600176,14.8100,14.9200,14.4600,14.6000,14.7200,27024797,395216609.9600,0.771600,-0.815200,1,0
2020-10-22,sh.600176,14.5400,14.6600,14.2600,14.5600,14.6000,17340148,250714597.5400,0.495100,-0.274000,1,0
2020-10-23,sh.600176,14.6500,14.8700,14.3700,14.4300,14.5600,19612098,287067962.8100,0.560000,-0.892900,1,0
2020-10-26,sh.600176,14.4500,14.4500,13.5000,14.0000,14.4300,38286766,533240792.8900,1.093200,-2.979900,1,0
2020-10-27,sh.600176,13.6500,14.0200,13.4000,13.9200,14.0000,49132727,674868727.3000,1.402900,-0.571400,1,0
2020-10-28,sh.600176,13.9700,13.9900,13.6200,13.9200,13.9200,28997001,399900219.5400,0.827900,0.000000,1,0
2020-10-29,sh.600176,13.6500,13.8600,13.4400,13.6800,13.9200,34221582,469188868.7400,0.977100,-1.724100,1,0
2020-10-30,sh.600176,13.7500,14.1900,13.6800,13.9500,13.6800,37608711,524720569.7600,1.073800,1.973700,1,0
2020-11-02,sh.600176,13.8200,14.7100,13.7100,14.5500,13.9500,55331445,792682906.5000,1.579900,4.301100,1,0
2020-11-03,sh.600176,14.7000,14.8800,14.4300,14.6800,14.5500,30343354,444791561.7600,0.866400,0.893500,1,0
2020-11-04,sh.600176,14.7700,14.9400,14.6600,14.8200,14.6800,22357304,330844659.3900,0.638400,0.953700,1,0
2020-11-05,sh.600176,14.9300,15.3000,14.9300,15.2300,14.8200,31641340,479390652.7900,0.903400,2.766500,1,0
2020-11-06,sh.600176,15.2800,15.3000,14.3800,14.5100,15.2300,54414093,799627073.6500,1.553700,-4.727500,1,0
2020-11-09,sh.600176,14.5800,15.2900,14.5500,14.9300,14.5100,52724530,789607075.9800,1.505400,2.894600,1,0
2020-11-10,sh.600176,15.5300,16.4200,15.2600,16.4200,14.9300,118338172,1901638402.0200,3.378900,9.979900,1,0
2020-11-11,sh.600176,16.3600,17.4100,16.2000,17.0500,16.4200,126157132,2129233710.1900,3.602100,3.836800,1,0
2020-11-12,sh.600176,16.8800,17.4100,16.7400,17.2800,17.0500,63307301,1083987184.1400,1.807600,1.349000,1,0
2020-11-13,sh.600176,17.2800,17.4100,16.8200,17.2300,17.2800,55561728,951123994.5900,1.586400,-0.289400,1,0
2020-11-16,sh.600176,17.1700,18.0800,17.1200,17.8900,17.2300,68319228,1207475761.1400,1.950700,3.830500,1,0
2020-11-17,sh.600176,17.8700,18.1800,17.5000,17.9200,17.8900,56822943,1014992184.4300,1.622400,0.167700,1,0
2020-11-18,sh.600176,17.7400,17.8600,17.1500,17.6800,17.9200,58743962,1027804097.9900,1.677300,-1.339300,1,0
2020-11-19,sh.600176,17.6600,17.6600,17.2200,17.3700,17.6800,36390300,632332058.7600,1.039000,-1.753400,1,0
2020-11-20,sh.600176,17.4900,17.6800,17.2500,17.5500,17.3700,30528430,535068284.2600,0.871700,1.036300,1,0
2020-11-23,sh.600176,17.6000,18.7200,17.6000,17.8500,17.5500,72660693,1319268185.7900,2.074700,1.709400,1,0
2020-11-24,sh.600176,17.6000,17.6400,17.0300,17.5900,17.8500,37697386,656286703.1100,1.076400,-1.456600,1,0
2020-11-25,sh.600176,17.7000,18.2200,16.4300,16.6700,17.5900,79778353,1356778592.1800,2.277900,-5.230200,1,0
2020-11-26,sh.600176,16.8900,16.8900,16.1600,16.5400,16.6700,41551313,685717443.0400,1.186400,-0.779800,1,0
2020-11-27,sh.600176,16.7800,17.2000,16.6000,17.1900,16.5400,36418255,618619467.0900,1.039800,3.929900,1,0
2020-11-30,sh.600176,17.2400,17.3400,16.7000,16.8200,17.1900,41116651,698086845.2300,1.174000,-2.152400,1,0
2020-12-01,sh.600176,16.8000,16.9100,16.4000,16.6800,16.8200,40726144,678449911.4200,1.162800,-0.832300,1,0
2020-12-02,sh.600176,16.6800,16.6800,16.6800,16.6800,16.6800,0,0.0000,,0.000000,0,0
2020-12-03,sh.600176,16.6800,16.6800,16.6800,16.6800,16.6800,0,0.0000,,0.000000,0,0
2020-12-04,sh.600176,16.6800,16.6800,16.6800,16.6800,16.6800,0,0.0000,,0.000000,0,0
2020-12-07,sh.600176,16.6800,16.6800,16.6800,16.6800,16.6800,0,0.0000,,0.000000,0,0
2020-12-08,sh.600176,16.6800,16.6800,16.6800,16.6800,16.6800,0,0.0000,,0.000000,0,0
2020-12-09,sh.600176,16.6800,16.6800,16.6800,16.6800,16.6800,0,0.0000,,0.000000,0,0
2020-12-10,sh.600176,16.6800,16.6800,16.6800,16.6800,16.6800,0,0.0000,,0.000000,0,0
2020-12-11,sh.600176,16.6800,16.6800,16.6800,16.6800,16.6800,0,0.0000,,0.000000,0,0
2020-12-14,sh.600176,16.6800,16.6800,16.6800,16.6800,16.6800,0,0.0000,,0.000000,0,0
2020-12-15,sh.600176,16.6800,16.6800,16.6800,16.6800,16.6800,0,0.0000,,0.000000,0,0
2020-12-16,sh.600176,15.5300,16.7900,15.2900,16.1000,16.6800,142833623,2283950461.3100,4.078300,-3.477200,1,0
2020-12-17,sh.600176,16.0200,17.0900,16.0200,16.6800,16.1000,69658445,1168553536.3900,1.988900,3.602500,1,0
2020-12-18,sh.600176,16.8900,17.8000,16.8600,17.3700,16.6800,46574243,810551081.7600,1.329800,4.136700,1,0
2020-12-21,sh.600176,17.3300,17.8000,17.2500,17.6500,17.3700,33998012,597749792.0600,0.970700,1.612000,1,0
2020-12-22,sh.600176,17.4900,18.1100,17.1800,17.5700,17.6500,44552708,786760672.4100,1.272100,-0.453300,1,0
2020-12-23,sh.600176,17.4600,17.6700,17.0000,17.2000,17.5700,39682346,684461965.9800,1.133000,-2.105900,1,0
2020-12-24,sh.600176,17.2600,17.3500,16.9600,17.1600,17.2000,23354685,399985414.8900,0.666800,-0.232600,1,0
2020-12-25,sh.600176,17.1600,18.8800,17.0700,18.8800,17.1600,45354298,827313808.6200,1.295000,10.023300,1,0
2020-12-28,sh.600176,19.5500,19.9500,19.2700,19.8100,18.8800,71129099,1394243538.2400,2.030900,4.925800,1,0
2020-12-29,sh.600176,19.7500,20.0200,19.0700,19.8000,19.8100,41726737,819037815.6900,1.191400,-0.050500,1,0
2020-12-30,sh.600176,19.6800,20.3300,19.6800,19.9900,19.8000,38625368,771589718.3300,1.102900,0.959600,1,0
2020-12-31,sh.600176,20.1400,20.5200,19.5200,19.9600,19.9900,35057573,700645967.5100,1.001000,-0.150100,1,0
2021-01-04,sh.600176,20.1300,20.4600,19.4900,20.3900,19.9600,62325525,1245555016.3300,1.779600,2.154300,1,0
2021-01-05,sh.600176,20.2800,20.3000,19.0700,19.9700,20.3900,61273110,1213098305.0000,1.749500,-2.059800,1,0
2021-01-06,sh.600176,20.1000,20.5400,19.4800,20.0900,19.9700,44990532,900587962.4000,1.284600,0.600900,1,0
2021-01-07,sh.600176,20.1200,22.1000,20.1200,22.1000,20.0900,72157607,1555705727.1300,2.060300,10.005000,1,0
2021-01-08,sh.600176,22.5600,22.7800,21.1200,21.7000,22.1000,64941066,1420260013.2100,1.854200,-1.810000,1,0
2021-01-11,sh.600176,21.7500,22.9400,21.1500,21.7200,21.7000,64867158,1431677971.5200,1.852100,0.092200,1,0
2021-01-12,sh.600176,21.5900,23.0500,21.5000,22.8500,21.7200,55532958,1245240567.9900,1.585600,5.202600,1,0
2021-01-13,sh.600176,22.8400,23.5300,22.2200,22.7200,22.8500,56978979,1304764217.5900,1.626900,-0.568900,1,0
2021-01-14,sh.600176,22.5900,22.6500,21.7700,21.9000,22.7200,39523347,876864026.1400,1.128500,-3.609200,1,0
2021-01-15,sh.600176,21.8200,22.4100,21.4300,22.1700,21.9000,35895978,789422121.1000,1.024900,1.232900,1,0
2021-01-18,sh.600176,21.9400,24.2500,21.9200,24.0000,22.1700,49644702,1170407200.6100,1.417500,8.254400,1,0
2021-01-19,sh.600176,24.0900,24.1800,21.6300,22.5000,24.0000,74737567,1714337293.6000,2.134000,-6.250000,1,0
2021-01-20,sh.600176,22.2200,23.8800,22.2200,23.3700,22.5000,63182442,1478810022.0600,1.804000,3.866700,1,0
2021-01-21,sh.600176,23.8000,24.5500,23.7600,23.8000,23.3700,41139488,994230041.9800,1.174600,1.840000,1,0
2021-01-22,sh.600176,24.2600,24.5500,23.6000,23.9000,23.8000,37399478,897759421.1100,1.067900,0.420200,1,0
2021-01-25,sh.600176,23.8100,25.0000,23.8100,24.2500,23.9000,41615334,1016911366.4800,1.188200,1.464400,1,0
2021-01-26,sh.600176,23.9100,24.7600,23.7500,23.9000,24.2500,35345999,854414734.3800,1.009200,-1.443300,1,0
2021-01-27,sh.600176,23.9500,24.5500,23.2500,24.5500,23.9000,36912196,887298098.1500,1.053900,2.719700,1,0
2021-01-28,sh.600176,23.7600,23.9600,22.6900,23.1100,24.5500,58640993,1365551712.8700,1.674400,-5.865600,1,0
2021-01-29,sh.600176,23.3800,23.8100,21.6500,22.5300,23.1100,52472542,1194159735.1000,1.498200,-2.509700,1,0
2021-02-01,sh.600176,22.4700,23.8500,21.9200,23.4900,22.5300,46924454,1088512913.1700,1.339800,4.261000,1,0
2021-02-02,sh.600176,23.5300,24.7200,23.2500,24.5000,23.4900,52166302,1259505967.5600,1.489500,4.299700,1,0
2021-02-03,sh.600176,25.0000,25.3900,24.4700,24.8800,24.5000,44469910,1108956320.2300,1.269700,1.551000,1,0
2021-02-04,sh.600176,24.7500,25.1100,23.5000,24.6400,24.8800,46238444,1128165912.4200,1.320200,-0.964600,1,0
2021-02-05,sh.600176,24.8000,24.9900,23.8700,24.1200,24.6400,36127076,880055899.4900,1.031500,-2.110400,1,0
2021-02-08,sh.600176,24.4200,26.5300,24.4200,26.3200,24.1200,50911185,1314958775.9500,1.453600,9.121100,1,0
2021-02-09,sh.600176,26.8000,27.4000,26.0000,27.1300,26.3200,39860306,1067745612.8300,1.138100,3.077500,1,0
2021-02-10,sh.600176,27.0000,27.9900,26.7200,27.5800,27.1300,33954077,929831150.2400,0.969500,1.658700,1,0
2021-02-18,sh.600176,28.5100,28.7400,26.5000,27.7300,27.5800,51819861,1426391230.5100,1.479600,0.543900,1,0
2021-02-19,sh.600176,27.3000,27.3800,25.0700,25.6200,27.7300,57654205,1493765403.7800,1.646200,-7.609100,1,0
2021-02-22,sh.600176,25.8500,26.4200,24.9700,25.0900,25.6200,64164703,1660119322.6200,1.832100,-2.068700,1,0
2021-02-23,sh.600176,24.6800,25.5200,24.0100,24.2300,25.0900,55295163,1363343102.0900,1.578800,-3.427700,1,0
2021-02-24,sh.600176,24.2500,24.4900,22.0800,22.6500,24.2300,85289552,1965042080.4000,2.435200,-6.520800,1,0
2021-02-25,sh.600176,23.3700,24.0600,22.5800,23.0000,22.6500,65260833,1518474104.7500,1.863400,1.545300,1,0
2021-02-26,sh.600176,22.4900,22.7200,21.5800,22.4500,23.0000,57854156,1284721206.8900,1.651900,-2.391300,1,0
2021-03-01,sh.600176,22.4900,23.9500,22.3000,23.7500,22.4500,60059406,1393952460.1400,1.714900,5.790600,1,0
2021-03-02,sh.600176,23.9000,24.5000,23.1100,23.3000,23.7500,40598231,960280464.6100,1.159200,-1.894700,1,0
2021-03-03,sh.600176,23.3800,23.3800,22.3600,23.1300,23.3000,49512892,1122929361.5500,1.413700,-0.729600,1,0
2021-03-04,sh.600176,22.6100,22.6200,21.1900,21.5000,23.1300,72246117,1574205758.3200,2.062800,-7.047100,1,0
2021-03-05,sh.600176,21.1000,21.3300,20.3200,20.8400,21.5000,56195427,1170525894.7400,1.604500,-3.069800,1,0
2021-03-08,sh.600176,21.6000,22.1800,20.6300,20.7200,20.8400,74832436,1595835944.3600,2.136700,-0.575800,1,0
2021-03-09,sh.600176,20.5500,21.4000,19.3000,20.0600,20.7200,66590783,1353343056.7800,1.901300,-3.185300,1,0
2021-03-10,sh.600176,20.8300,21.1900,20.4600,20.5800,20.0600,54711629,1140881704.1200,1.562200,2.592200,1,0
2021-03-11,sh.600176,20.9000,21.7000,20.1900,21.0500,20.5800,62662005,1314755746.6500,1.789200,2.283800,1,0
2021-03-12,sh.600176,21.1700,22.0500,21.0600,21.7600,21.0500,48019959,1039395504.2500,1.371100,3.372900,1,0
2021-03-15,sh.600176,21.8000,21.8000,20.2400,20.5000,21.7600,52279471,1092340657.1500,1.492700,-5.790400,1,0
2021-03-16,sh.600176,20.6000,21.1500,20.5100,20.8600,20.5000,28240743,588831045.7400,0.806300,1.756100,1,0
2021-03-17,sh.600176,21.1100,21.7900,20.5800,21.7000,20.8600,29722059,636374798.1400,0.848600,4.026800,1,0
2021-03-18,sh.600176,21.7300,22.8700,21.7300,22.5100,21.7000,30823286,690703777.5000,0.880100,3.732700,1,0
2021-03-19,sh.600176,22.0000,22.4500,21.4000,22.0000,22.5100,40448035,887277686.7100,1.154900,-2.265700,1,0
2021-03-22,sh.600176,22.7900,23.1700,21.8500,22.0900,22.0000,70104807,1576048746.0800,2.001700,0.409100,1,0
2021-03-23,sh.600176,22.3700,22.6300,19.8800,20.0000,22.0900,107281548,2233419580.0800,3.063200,-9.461300,1,0
2021-03-24,sh.600176,19.9900,20.0600,18.0000,18.0000,20.0000,152162307,2814289321.3400,4.344600,-10.000000,1,0
2021-03-25,sh.600176,17.9000,18.3700,17.6200,18.2800,18.0000,66770796,1210057531.5500,1.906500,1.555600,1,0
2021-03-26,sh.600176,18.8100,19.1100,18.0600,19.0000,18.2800,82250259,1540485550.9300,2.348500,3.938700,1,0
2021-03-29,sh.600176,19.1000,19.3000,18.6000,18.8500,19.0000,55519656,1049369414.9000,1.585200,-0.789500,1,0
2021-03-30,sh.600176,18.8300,19.4900,18.7000,19.0900,18.8500,44127542,842848702.4300,1.260000,1.273200,1,0
2021-03-31,sh.600176,19.1300,19.3300,18.8100,19.2000,19.0900,47546376,906184088.5500,1.357600,0.576200,1,0
2021-04-01,sh.600176,19.2900,19.5200,18.6500,19.2300,19.2000,36493511,694311379.8400,1.042000,0.156300,1,0
2021-04-02,sh.600176,19.2100,19.8300,18.9500,19.5600,19.2300,39599303,767220036.0500,1.130700,1.716100,1,0
2021-04-06,sh.600176,19.4800,19.5000,18.7600,19.2200,19.5600,53323613,1017499915.4000,1.522500,-1.738200,1,0
2021-04-07,sh.600176,19.3000,19.5800,19.0800,19.5000,19.2200,49104552,951625996.7700,1.402100,1.456800,1,0
2021-04-08,sh.600176,19.4600,20.2200,19.2700,20.0300,19.5000,49023191,975220013.2000,1.399700,2.717900,1,0
2021-04-09,sh.600176,19.9000,20.0000,18.8300,19.0000,20.0300,51592627,995957573.1700,1.473100,-5.142300,1,0
2021-04-12,sh.600176,18.9200,19.2000,17.3500,17.8000,19.0000,92980788,1664467716.6200,2.654800,-6.315800,1,0
2021-04-13,sh.600176,17.9000,18.2500,17.4800,17.8700,17.8000,57297201,1022628395.9000,1.636000,0.393300,1,0
2021-04-14,sh.600176,17.7000,18.9400,17.7000,18.7100,17.8700,49819535,925767777.8300,1.422500,4.700600,1,0
2021-04-15,sh.600176,18.6800,18.6800,18.2100,18.4900,18.7100,22616001,416430458.4900,0.645700,-1.175800,1,0
2021-04-16,sh.600176,18.5600,18.7100,18.2000,18.3000,18.4900,29116914,535552613.7300,0.831400,-1.027600,1,0
2021-04-19,sh.600176,18.2200,18.8300,18.0600,18.7300,18.3000,34830223,648505795.3200,0.994500,2.349700,1,0
2021-04-20,sh.600176,18.8500,19.1800,18.6300,18.7100,18.7300,28580918,538694125.9400,0.816100,-0.106800,1,0
2021-04-21,sh.600176,18.4500,18.8700,18.1600,18.7100,18.7100,32718226,604154038.2300,0.934200,0.000000,1,0
2021-04-22,sh.600176,18.7600,18.9100,18.4100,18.5500,18.7100,29897525,557001177.9500,0.853700,-0.855200,1,0
2021-04-23,sh.600176,18.4100,18.6000,18.1800,18.4200,18.5500,32457201,596394117.0200,0.926700,-0.700800,1,0
2021-04-26,sh.600176,18.5800,19.3900,18.4700,18.7100,18.4200,58240419,1107096851.2500,1.662900,1.574400,1,0
2021-04-27,sh.600176,19.1000,19.6800,17.8100,17.9300,18.7100,77423740,1422080683.1500,2.210600,-4.168900,1,0
2021-04-28,sh.600176,17.8300,18.3800,17.6700,18.3600,17.9300,49656077,900797461.2900,1.417800,2.398200,1,0
2021-04-29,sh.600176,18.3600,18.8500,18.1300,18.7400,18.3600,38790101,720304373.5300,1.107600,2.069700,1,0
2021-04-30,sh.600176,18.8000,18.8500,17.7700,18.0200,18.7400,57028829,1032088807.4600,1.628300,-3.842000,1,0
2021-05-06,sh.600176,18.2000,18.8500,18.1000,18.6500,18.0200,58938257,1094420413.5500,1.682800,3.496100,1,0
2021-05-07,sh.600176,18.7500,19.7800,18.6600,19.0900,18.6500,79307858,1529803378.7900,2.264400,2.359200,1,0
2021-05-10,sh.600176,19.5000,19.7800,18.7800,19.0600,19.0900,68123626,1311742234.8600,1.945100,-0.157200,1,0
2021-05-11,sh.600176,18.7200,18.7500,17.1500,17.1500,19.0600,108975756,1894280453.3100,3.111500,-10.021000,1,0
2021-05-12,sh.600176,16.8800,17.2700,16.5700,16.7500,17.1500,75216093,1262715699.5700,2.147600,-2.332400,1,0
2021-05-13,sh.600176,16.5800,16.9000,16.3100,16.4500,16.7500,59012599,979860590.2300,1.685000,-1.791000,1,0
2021-05-14,sh.600176,16.9000,17.5100,16.8100,17.3100,16.4500,85564531,1472283343.7600,2.443100,5.228000,1,0
2021-05-17,sh.600176,17.3800,18.2600,17.3700,18.0800,17.3100,79007460,1417185601.5600,2.255900,4.448300,1,0
2021-05-18,sh.600176,18.5500,18.9500,18.4100,18.7600,18.0800,58315612,1092967532.1900,1.665100,3.761100,1,0
2021-05-19,sh.600176,18.7900,18.8400,18.2100,18.7600,18.7600,41613584,770193049.3500,1.188200,0.000000,1,0
2021-05-20,sh.600176,18.4100,18.4900,17.7500,17.9100,18.7600,71948390,1291190832.1800,2.054300,-4.530900,1,0
2021-05-21,sh.600176,15.7800,15.8300,15.0300,15.1000,15.4700,57599308,877788559.7000,1.438900,-2.391700,1,0
2021-05-24,sh.600176,15.3600,15.4000,14.8000,15.0400,15.1000,56103993,840192723.2700,1.401500,-0.397400,1,0
2021-05-25,sh.600176,15.0900,15.7000,15.0500,15.7000,15.0400,63560806,979149438.8900,1.587800,4.388300,1,0
2021-05-26,sh.600176,15.8200,16.2800,15.6000,16.0500,15.7000,64798256,1038173030.0400,1.618700,2.229300,1,0
2021-05-27,sh.600176,15.8600,16.6000,15.7600,16.4700,16.0500,73433572,1192590752.5000,1.834400,2.616800,1,0
2021-05-28,sh.600176,16.4700,16.7500,15.9100,16.0200,16.4700,61907022,1005501430.0100,1.546500,-2.732200,1,0
2021-05-31,sh.600176,15.9000,16.4000,15.7200,16.3100,16.0200,53191345,858048355.5000,1.328700,1.810200,1,0
2021-06-01,sh.600176,16.2000,16.7400,15.9000,16.6800,16.3100,62944963,1026277058.8000,1.572400,2.268500,1,0
2021-06-02,sh.600176,16.7500,17.0100,16.4300,16.6700,16.6800,61431255,1025898180.5000,1.534600,-0.060000,1,0
2021-06-03,sh.600176,16.6600,16.8700,16.1800,16.1800,16.6700,52048481,856772218.3000,1.300200,-2.939400,1,0
2021-06-04,sh.600176,16.1200,16.3600,15.9400,16.2500,16.1800,58031193,940266151.3100,1.449600,0.432600,1,0
2021-06-07,sh.600176,16.2100,16.2100,15.7800,15.8900,16.2500,56025081,892422138.9700,1.399500,-2.215400,1,0
2021-06-08,sh.600176,15.8600,16.1100,15.4800,15.7500,15.8900,54307351,856237091.7300,1.356600,-0.881100,1,0
2021-06-09,sh.600176,15.7300,15.8600,15.5000,15.6900,15.7500,37233530,582778293.9600,0.930100,-0.381000,1,0
2021-06-10,sh.600176,15.6000,16.2000,15.3800,16.1100,15.6900,67495381,1072730764.5800,1.686100,2.676900,1,0
2021-06-11,sh.600176,16.0900,16.0900,15.3500,15.6600,16.1100,62452922,976592728.6000,1.560100,-2.793300,1,0
2021-06-15,sh.600176,15.5500,15.6900,15.1300,15.1700,15.6600,46480420,710420428.1900,1.161100,-3.129000,1,0
2021-06-16,sh.600176,15.1500,15.1500,14.7300,14.8800,15.1700,56832988,846201639.7400,1.419700,-1.911700,1,0
2021-06-17,sh.600176,14.9200,15.0000,14.6500,14.6800,14.8800,35149568,519900962.7100,0.878100,-1.344100,1,0
2021-06-18,sh.600176,14.6500,14.6800,14.3200,14.4600,14.6800,55627875,803518721.9500,1.389600,-1.498600,1,0
2021-06-21,sh.600176,14.4300,14.6400,14.2200,14.3100,14.4600,49535903,712747634.3900,1.237400,-1.037300,1,0
2021-06-22,sh.600176,14.3800,14.7200,14.3100,14.4400,14.3100,64090354,928848891.2200,1.601000,0.908500,1,0
2021-06-23,sh.600176,14.6000,14.8200,14.2200,14.7900,14.4400,64870549,943698386.0500,1.620500,2.423800,1,0
2021-06-24,sh.600176,14.7300,15.3500,14.6500,15.2300,14.7900,77274917,1168116568.3200,1.930400,2.975000,1,0
2021-06-25,sh.600176,15.3500,15.3800,14.8800,15.1500,15.2300,60346500,913373802.4600,1.507500,-0.525300,1,0
2021-06-28,sh.600176,15.3400,15.6500,15.2100,15.2800,15.1500,58997251,910117163.7600,1.473800,0.858100,1,0
2021-06-29,sh.600176,15.2700,15.7500,15.1300,15.2900,15.2800,59702199,918496705.6600,1.491400,0.065400,1,0
2021-06-30,sh.600176,15.9300,16.0100,15.3200,15.5100,15.2900,84131781,1310794601.4600,2.101600,1.438800,1,0
2021-07-01,sh.600176,15.6000,15.7700,15.3000,15.3600,15.5100,61637138,955001347.0400,1.539700,-0.967100,1,0
2021-07-02,sh.600176,15.4000,15.5900,15.1600,15.2800,15.3600,48331229,742030113.1500,1.207300,-0.520800,1,0
2021-07-05,sh.600176,15.3000,15.3500,14.5000,14.5800,15.2800,88202565,1297361991.4100,2.203300,-4.581200,1,0
2021-07-06,sh.600176,14.6000,15.5600,14.5500,15.0400,14.5800,92138630,1388973330.3300,2.301700,3.155000,1,0
2021-07-07,sh.600176,14.8000,15.5600,14.6500,15.3200,15.0400,91872029,1401625372.7400,2.295000,1.861700,1,0
2021-07-08,sh.600176,15.2600,15.7400,14.9800,15.1400,15.3200,93667075,1437803909.0500,2.339800,-1.174900,1,0
2021-07-09,sh.600176,15.1000,15.4200,14.7800,15.3200,15.1400,58023863,877652010.5700,1.449500,1.188900,1,0
2021-07-12,sh.600176,15.4400,16.1000,15.1600,15.9900,15.3200,143685956,2256493558.4800,3.589300,4.373400,1,0
2021-07-13,sh.600176,15.8000,16.5500,15.7600,16.5500,15.9900,118358137,1934786462.6900,2.956600,3.502200,1,0
2021-07-14,sh.600176,16.6900,16.7500,16.0100,16.1000,16.5500,92733166,1505401241.4600,2.316500,-2.719000,1,0
2021-07-15,sh.600176,16.1600,16.4500,15.8400,16.2600,16.1000,77872603,1260928562.1500,1.945300,0.993800,1,0
2021-07-16,sh.600176,16.3000,16.9700,16.0500,16.6700,16.2600,99885293,1654473487.5200,2.495200,2.521500,1,0
2021-07-19,sh.600176,16.7700,16.9800,16.1600,16.2400,16.6700,83093266,1361882123.8200,2.075700,-2.579500,1,0
2021-07-20,sh.600176,16.0000,16.0000,15.5700,15.7400,16.2400,84117942,1321013128.5800,2.101300,-3.078800,1,0
2021-07-21,sh.600176,15.7900,15.8900,15.4200,15.5500,15.7400,77698942,1210454563.6600,1.941000,-1.207100,1,0
2021-07-22,sh.600176,15.6000,16.1900,15.4900,16.1900,15.5500,82736816,1315650387.5200,2.066800,4.115800,1,0
2021-07-23,sh.600176,16.1000,16.5500,15.9100,15.9700,16.1900,82915849,1342397516.4600,2.071300,-1.358900,1,0
2021-07-26,sh.600176,15.8300,15.8900,14.8800,15.3300,15.9700,88044348,1357967466.2400,2.199400,-4.007500,1,0
2021-07-27,sh.600176,15.2000,15.5000,14.4500,14.5600,15.3300,103042161,1548311886.6700,2.574000,-5.022800,1,0
2021-07-28,sh.600176,14.4000,14.6400,13.5500,14.4500,14.5600,80047514,1140383609.5400,1.999600,-0.755500,1,0
2021-07-29,sh.600176,14.6800,15.1500,14.4700,14.9400,14.4500,69014313,1027660741.4800,1.724000,3.391000,1,0
2021-07-30,sh.600176,14.9000,15.1600,14.6800,14.9100,14.9400,54833578,816904227.9100,1.369800,-0.200800,1,0
2021-08-02,sh.600176,14.9100,15.9600,14.8200,15.8800,14.9100,93175863,1452577448.2900,2.327600,6.505700,1,0
2021-08-03,sh.600176,15.8300,16.4500,15.7600,16.2600,15.8800,116812421,1896051703.8700,2.918000,2.392900,1,0
2021-08-04,sh.600176,16.1300,16.5000,16.1300,16.4500,16.2600,79307532,1296948780.0200,1.981100,1.168500,1,0
2021-08-05,sh.600176,16.3300,16.6800,16.1300,16.5100,16.4500,76232566,1254475312.0000,1.904300,0.364700,1,0
2021-08-06,sh.600176,16.5400,16.5500,16.0200,16.2000,16.5100,67634460,1096041735.3900,1.689500,-1.877600,1,0
2021-08-09,sh.600176,16.2800,17.0700,16.1700,16.8500,16.2000,91054145,1528672674.6200,2.274600,4.012300,1,0
2021-08-10,sh.600176,16.8100,17.3000,16.4900,16.7200,16.8500,80017469,1344241521.4400,1.998900,-0.771500,1,0
2021-08-11,sh.600176,16.7400,17.9600,16.7400,17.8500,16.7200,126470108,2225131440.7700,3.159300,6.758400,1,0
2021-08-12,sh.600176,17.7100,17.9500,17.3000,17.7900,17.8500,106253762,1875915865.1300,2.654300,-0.336100,1,0
2021-08-13,sh.600176,17.8000,18.0500,17.3600,17.4700,17.7900,69120157,1214172953.5800,1.726600,-1.798800,1,0
2021-08-16,sh.600176,17.4300,17.5900,17.0500,17.2100,17.4700,61815400,1067784386.3200,1.544200,-1.488300,1,0
2021-08-17,sh.600176,17.1000,17.7400,16.4500,16.7000,17.2100,95612814,1627553747.6100,2.388400,-2.963400,1,0
2021-08-18,sh.600176,17.1300,18.1500,17.0700,17.9000,16.7000,168887490,2989555570.2500,4.218900,7.185600,1,0
2021-08-19,sh.600176,18.0500,18.4500,17.3800,17.6900,17.9000,121818187,2173174619.8300,3.043100,-1.173200,1,0
2021-08-20,sh.600176,17.6900,18.5500,17.5500,18.2500,17.6900,130891902,2375776689.7600,3.269700,3.165600,1,0
2021-08-23,sh.600176,18.5000,18.8200,18.1100,18.2000,18.2500,98695936,1812204816.1500,2.465500,-0.274000,1,0
2021-08-24,sh.600176,18.1800,18.3800,17.8000,18.0800,18.2000,86417374,1563588360.3500,2.158700,-0.659300,1,0
2021-08-25,sh.600176,18.0700,18.1500,17.6300,18.1200,18.0800,67915850,1219580661.6000,1.696600,0.221200,1,0
2021-08-26,sh.600176,17.9700,18.6200,17.4200,17.4500,18.1200,83580640,1493289487.3800,2.087900,-3.697600,1,0
2021-08-27,sh.600176,17.2900,18.2200,17.2700,17.7200,17.4500,67330608,1199923319.2500,1.681900,1.547300,1,0
2021-08-30,sh.600176,17.7200,18.3600,17.4600,18.1400,17.7200,80105486,1442844403.8300,2.001100,2.370200,1,0
2021-08-31,sh.600176,18.0300,18.0300,17.0500,17.5500,18.1400,98257298,1726821758.1600,2.454500,-3.252500,1,0
2021-09-01,sh.600176,17.8800,18.5600,17.5700,18.4500,17.5500,131592477,2396217804.8000,3.287200,5.128200,1,0
2021-09-02,sh.600176,18.4900,19.8700,18.3000,19.8500,18.4500,162013322,3124872681.0600,4.047200,7.588100,1,0
2021-09-03,sh.600176,19.9700,20.6800,19.5100,19.6000,19.8500,146221195,2918173155.0900,3.652700,-1.259400,1,0
2021-09-06,sh.600176,19.6700,20.7800,19.6000,19.6200,19.6000,113822606,2276874105.5600,2.843300,0.102000,1,0
2021-09-07,sh.600176,20.1900,21.5800,19.8800,21.5800,19.6200,153197517,3211302309.9900,3.826900,9.989800,1,0
2021-09-08,sh.600176,21.6000,21.9800,21.0900,21.8000,21.5800,111692800,2405356434.1300,2.790100,1.019500,1,0
2021-09-09,sh.600176,21.7500,22.2800,21.1500,21.5000,21.8000,99855063,2153861503.7700,2.494400,-1.376100,1,0
2021-09-10,sh.600176,21.2900,21.5000,20.5900,20.8000,21.5000,93436369,1951206547.1300,2.334100,-3.255800,1,0
2021-09-13,sh.600176,21.0500,21.4900,20.6500,21.0900,20.8000,72877248,1530798013.7600,1.820500,1.394200,1,0
2021-09-14,sh.600176,20.9500,21.3500,20.4600,20.7400,21.0900,67581577,1408689528.0000,1.688200,-1.659600,1,0
2021-09-15,sh.600176,20.6300,20.8200,19.7900,20.4400,20.7400,89168558,1803572255.3900,2.227500,-1.446500,1,0
2021-09-16,sh.600176,20.6000,21.2500,19.8500,19.9400,20.4400,84684978,1724747534.1500,2.115500,-2.446200,1,0
2021-09-17,sh.600176,19.7000,20.5500,19.5800,20.1900,19.9400,64372802,1294114594.3500,1.608100,1.253800,1,0
2021-09-22,sh.600176,19.8000,20.5500,19.7100,20.0600,20.1900,51818648,1041230478.0200,1.294500,-0.643900,1,0
2021-09-23,sh.600176,20.3500,20.6500,20.0000,20.0900,20.0600,61607587,1250350709.9700,1.539000,0.149600,1,0
2021-09-24,sh.600176,19.9800,20.1000,18.7500,19.2700,20.0900,88725792,1713104524.5800,2.216400,-4.081600,1,0
2021-09-27,sh.600176,19.2900,19.5500,18.0000,18.2100,19.2700,101823462,1889528235.8600,2.543600,-5.500800,1,0
2021-09-28,sh.600176,18.2500,18.6500,18.1000,18.2000,18.2100,49996266,916546530.9900,1.248900,-0.054900,1,0
2021-09-29,sh.600176,18.0100,18.1200,17.3600,17.5000,18.2000,59622401,1053517729.0800,1.489400,-3.846200,1,0
2021-09-30,sh.600176,17.7000,17.7600,17.3500,17.5800,17.5000,56298663,990518371.6100,1.406400,0.457100,1,0
2021-10-08,sh.600176,17.9000,18.0000,17.4100,17.7300,17.5800,48042184,848178847.3100,1.200100,0.853200,1,0
2021-10-11,sh.600176,17.8300,17.8700,17.3500,17.4500,17.7300,45020997,790165943.6400,1.124600,-1.579200,1,0
2021-10-12,sh.600176,17.3600,17.5800,16.7600,17.0500,17.4500,51145607,874940904.4900,1.277600,-2.292300,1,0
2021-10-13,sh.600176,17.0500,17.3300,16.7400,17.2500,17.0500,38010892,647371472.5000,0.949500,1.173000,1,0
2021-10-14,sh.600176,17.1500,17.3100,16.8500,17.0000,17.2500,35969214,612641467.8900,0.898500,-1.449300,1,0
2021-10-15,sh.600176,17.0500,17.2800,16.9100,17.1700,17.0000,34813139,596926812.8000,0.869600,1.000000,1,0
2021-10-18,sh.600176,17.1700,17.5400,17.0500,17.4800,17.1700,42059094,728893359.1600,1.050700,1.805500,1,0
2021-10-19,sh.600176,17.8300,18.3500,17.8000,18.2000,17.4800,74602332,1348886230.5900,1.863600,4.119000,1,0
2021-10-20,sh.600176,18.1400,18.4300,17.8600,18.1900,18.2000,47864494,869832701.0000,1.195700,-0.054900,1,0
2021-10-21,sh.600176,18.2000,18.3200,17.6600,17.7900,18.1900,41579478,743712182.8600,1.038700,-2.199000,1,0
2021-10-22,sh.600176,17.7100,18.6800,17.7100,18.3000,17.7900,63747700,1168672308.9400,1.592400,2.866800,1,0
2021-10-25,sh.600176,18.2300,18.3600,17.9000,18.2000,18.3000,50273931,908208313.1200,1.255900,-0.546400,1,0
2021-10-26,sh.600176,18.3200,19.1800,18.2000,19.0600,18.2000,89160520,1670171393.5600,2.227300,4.725300,1,0
2021-10-27,sh.600176,19.0600,19.3500,18.7700,19.0500,19.0600,71132383,1357030149.4500,1.776900,-0.052500,1,0
2021-10-28,sh.600176,19.1000,19.4900,18.9500,19.1500,19.0500,70749748,1359813960.9600,1.767400,0.524900,1,0
2021-10-29,sh.600176,19.2300,19.3000,18.7000,19.1400,19.1500,48256130,918599250.0200,1.205500,-0.052200,1,0
2021-11-01,sh.600176,19.0900,19.3000,18.6400,18.9000,19.1400,53057293,1005644377.7300,1.325400,-1.253900,1,0
2021-11-02,sh.600176,18.8100,19.2500,18.1500,18.3700,18.9000,67049266,1247596086.7600,1.674900,-2.804200,1,0
2021-11-03,sh.600176,18.2200,18.3500,17.7000,18.0100,18.3700,52541659,943876209.1400,1.312500,-1.959700,1,0
2021-11-04,sh.600176,18.0500,19.0200,17.9600,18.8200,18.0100,60023573,1120602336.6000,1.499400,4.497500,1,0
2021-11-05,sh.600176,18.8300,18.8600,17.8700,17.8700,18.8200,60001499,1094495473.5400,1.498900,-5.047800,1,0
2021-11-08,sh.600176,17.6500,18.1400,17.5500,17.7500,17.8700,43511198,773947919.9400,1.086900,-0.671500,1,0
2021-11-09,sh.600176,17.8500,18.2800,17.7200,17.8400,17.7500,35061606,628968476.0900,0.875900,0.507000,1,0
2021-11-10,sh.600176,17.8000,17.8000,16.9000,17.1300,17.8400,73771659,1267445868.9900,1.842800,-3.979800,1,0
2021-11-11,sh.600176,17.1300,17.3500,17.0700,17.3400,17.1300,33155256,571486386.2800,0.828200,1.225900,1,0
2021-11-12,sh.600176,17.4400,17.4600,16.7900,16.8100,17.3400,66967065,1140577284.6000,1.672900,-3.056500,1,0
2021-11-15,sh.600176,16.8100,17.0500,16.6700,16.9100,16.8100,46364811,781609800.4600,1.158200,0.594900,1,0
2021-11-16,sh.600176,16.9300,17.0800,16.4500,16.5700,16.9100,48719250,816788676.0900,1.217000,-2.010600,1,0
2021-11-17,sh.600176,16.6800,16.8700,16.5600,16.8700,16.5700,37627363,630291016.5700,0.939900,1.810500,1,0
2021-11-18,sh.600176,16.9500,17.2600,16.8300,17.0900,16.8700,58260168,997849591.7900,1.455400,1.304100,1,0
2021-11-19,sh.600176,17.1000,17.3700,16.9000,17.3000,17.0900,42619901,731769875.0400,1.064700,1.228800,1,0
2021-11-22,sh.600176,17.3500,17.4400,17.1300,17.3900,17.3000,54849625,947268890.0100,1.370200,0.520200,1,0
2021-11-23,sh.600176,17.2600,17.3000,16.8500,17.0000,17.3900,64214778,1095670914.9300,1.604100,-2.242700,1,0
2021-11-24,sh.600176,16.9100,17.0100,16.7700,16.8600,17.0000,34277863,578163048.0900,0.856300,-0.823500,1,0
2021-11-25,sh.600176,16.8400,17.2400,16.7800,17.2000,16.8600,44218470,754784511.2800,1.104600,2.016600,1,0
2021-11-26,sh.600176,17.1000,17.3500,17.0500,17.1700,17.2000,32421237,557493647.5300,0.809900,-0.174400,1,0
2021-11-29,sh.600176,16.8900,17.1100,16.7600,17.0000,17.1700,32747910,556093317.0400,0.818100,-0.990100,1,0
2021-11-30,sh.600176,17.1700,17.7500,17.1600,17.5000,17.0000,81788498,1435286027.9100,2.043100,2.941200,1,0
2021-12-01,sh.600176,17.5400,17.7000,17.4400,17.7000,17.5000,57031136,1003873913.4000,1.424700,1.142900,1,0
2021-12-02,sh.600176,17.7500,17.9600,17.5800,17.7800,17.7000,48365029,860105691.5500,1.208200,0.452000,1,0
2021-12-03,sh.600176,17.7700,17.8400,17.4800,17.7600,17.7800,36932988,652291060.5700,0.922600,-0.112500,1,0
2021-12-06,sh.600176,17.7800,18.2700,17.6200,17.6500,17.7600,47371958,848284481.5900,1.183400,-0.619400,1,0
2021-12-07,sh.600176,17.8300,18.2000,17.6200,17.8800,17.6500,50079775,895531933.6200,1.251000,1.303100,1,0
2021-12-08,sh.600176,17.8800,17.9600,17.6300,17.8100,17.8800,31064946,551209236.9100,0.776000,-0.391500,1,0
2021-12-09,sh.600176,17.8000,18.1100,17.6500,17.8200,17.8100,53602976,956980685.7600,1.339000,0.056100,1,0
2021-12-10,sh.600176,17.6800,17.8500,17.2700,17.4000,17.8200,65268844,1139150118.8500,1.630400,-2.356900,1,0
2021-12-13,sh.600176,17.4000,18.4000,17.3300,18.1400,17.4000,108381447,1961586705.6900,2.707400,4.252900,1,0
2021-12-14,sh.600176,18.0100,18.1100,17.8600,18.0100,18.1400,49898664,896659622.4000,1.246500,-0.716600,1,0
2021-12-15,sh.600176,18.0500,18.2000,17.6900,17.7400,18.0100,46541966,834364330.9100,1.162600,-1.499200,1,0
2021-12-16,sh.600176,17.7100,17.8500,17.6000,17.8400,17.7400,30850781,546580151.0500,0.770700,0.563700,1,0
2021-12-17,sh.600176,17.8600,17.8600,17.4600,17.5100,17.8400,33746887,593850715.5000,0.843000,-1.849800,1,0
2021-12-20,sh.600176,17.4600,17.4600,16.8400,16.8700,17.5100,46508948,794161560.0100,1.161800,-3.655100,1,0
2021-12-21,sh.600176,16.9000,17.1500,16.8700,16.9500,16.8700,34242491,580763994.3500,0.855400,0.474200,1,0
2021-12-22,sh.600176,17.0200,17.8300,17.0000,17.8000,16.9500,75602155,1323097385.2900,1.888600,5.014700,1,0
2021-12-23,sh.600176,17.8000,18.6800,17.7300,18.1800,17.8000,98913590,1811367165.5900,2.470900,2.134800,1,0
2021-12-24,sh.600176,18.2500,18.3000,17.9300,18.2200,18.1800,42081615,761852937.4000,1.051200,0.220000,1,0
2021-12-27,sh.600176,18.2500,18.5800,18.1000,18.4600,18.2200,46880331,862103708.6700,1.171100,1.317200,1,0
2021-12-28,sh.600176,18.4200,18.5700,18.1000,18.3600,18.4600,35581894,650135890.0600,0.888900,-0.541700,1,0
2021-12-29,sh.600176,18.3400,18.4300,18.0400,18.0900,18.3600,32170430,584769305.2200,0.803600,-1.470600,1,0
2021-12-30,sh.600176,18.0900,18.2200,17.9500,18.1900,18.0900,29986205,543491480.1100,0.749100,0.552800,1,0
2021-12-31,sh.600176,18.1500,18.2800,17.9500,18.2000,18.1900,29869541,541198699.6600,0.746200,0.055000,1,0
2022-01-04,sh.600176,18.3100,18.3600,17.7100,17.9400,18.2000,39172679,703687829.2500,0.978500,-1.428600,1,0
2022-01-05,sh.600176,17.8300,18.0500,17.6500,17.6800,17.9400,30496116,543777885.8500,0.761800,-1.449300,1,0
2022-01-06,sh.600176,17.6000,18.3300,17.5400,17.8600,17.6800,43280179,777787349.5600,1.081200,1.018100,1,0
2022-01-07,sh.600176,17.8300,18.5900,17.7800,18.3500,17.8600,80197443,1472222951.7300,2.003400,2.743600,1,0
2022-01-10,sh.600176,18.4500,18.6700,18.2200,18.4300,18.3500,40027730,736963822.7200,0.999900,0.436000,1,0
2022-01-11,sh.600176,18.8500,18.9300,17.8900,18.0200,18.4300,72862051,1333407696.0300,1.820100,-2.224600,1,0
2022-01-12,sh.600176,18.0200,18.1000,17.6800,17.7600,18.0200,50586357,900873728.2700,1.263700,-1.442800,1,0
2022-01-13,sh.600176,17.7600,17.8200,17.0000,17.0200,17.7600,83877723,1446484679.5100,2.095300,-4.166700,1,0
2022-01-14,sh.600176,16.9000,17.0000,16.6700,16.6800,17.0200,56635772,953197077.1400,1.414800,-1.997600,1,0
2022-01-17,sh.600176,16.6300,16.8900,16.5600,16.7900,16.6800,34860676,584297637.6200,0.870800,0.659500,1,0
2022-01-18,sh.600176,16.8500,16.9200,16.6600,16.8000,16.7900,40422031,678225727.4800,1.009800,0.059600,1,0
2022-01-19,sh.600176,16.8400,17.2000,16.8100,16.9900,16.8000,41190922,700605021.6400,1.029000,1.131000,1,0
2022-01-20,sh.600176,17.0000,17.1300,16.8800,16.9800,16.9900,33721824,573476155.3400,0.842400,-0.058900,1,0
2022-01-21,sh.600176,17.0500,17.0600,16.5300,16.6000,16.9800,32534137,542427333.3100,0.812700,-2.237900,1,0
2022-01-24,sh.600176,16.5500,16.8800,16.1800,16.8200,16.6000,34953616,578146100.5300,0.873200,1.325300,1,0
2022-01-25,sh.600176,16.7500,16.9800,16.4100,16.4300,16.8200,33949829,567973686.3400,0.848100,-2.318700,1,0
2022-01-26,sh.600176,16.4100,16.8400,16.4100,16.6300,16.4300,23448380,390184670.8600,0.585800,1.217300,1,0
2022-01-27,sh.600176,16.6000,16.7800,16.4500,16.4700,16.6300,27851564,462105982.1600,0.695700,-0.962100,1,0
2022-01-28,sh.600176,16.6100,16.7200,16.0100,16.2300,16.4700,32151438,523295440.0400,0.803200,-1.457200,1,0
2022-02-07,sh.600176,16.4200,16.6300,16.3000,16.5800,16.2300,28102434,463517778.9200,0.702000,2.156500,1,0
2022-02-08,sh.600176,16.5100,16.8600,16.3600,16.8500,16.5800,31188829,519573031.1200,0.779100,1.628500,1,0
2022-02-09,sh.600176,16.8300,17.0800,16.7100,17.0200,16.8500,38309179,650076006.1600,0.957000,1.008900,1,0
2022-02-10,sh.600176,17.0500,17.1300,16.8200,16.9800,17.0200,30198824,512569484.4900,0.754400,-0.235000,1,0
2022-02-11,sh.600176,16.8300,17.3900,16.8100,17.0400,16.9800,45678397,783804244.5200,1.141100,0.353400,1,0
2022-02-14,sh.600176,16.9500,17.0800,16.6600,16.7200,17.0400,31508269,530674982.8800,0.787100,-1.877900,1,0
2022-02-15,sh.600176,16.6900,16.8500,16.6700,16.8100,16.7200,22033732,369328386.7000,0.550400,0.538300,1,0
2022-02-16,sh.600176,16.8800,17.4500,16.8800,17.3300,16.8100,56039953,968638920.2500,1.399900,3.093400,1,0
2022-02-17,sh.600176,17.4400,17.4500,17.2000,17.3100,17.3300,24329750,421080047.9100,0.607800,-0.115400,1,0
2022-02-18,sh.600176,17.2400,17.3800,17.2100,17.3400,17.3100,16369033,283272909.5000,0.408900,0.173300,1,0
2022-02-21,sh.600176,17.3000,17.3400,17.0800,17.2300,17.3400,20086875,345645345.7100,0.501800,-0.634400,1,0
2022-02-22,sh.600176,17.0800,17.1600,16.9000,17.0900,17.2300,23523358,400453411.1700,0.587600,-0.812500,1,0
2022-02-23,sh.600176,17.0200,17.2400,17.0200,17.2100,17.0900,16485589,283051956.8000,0.411800,0.702200,1,0
2022-02-24,sh.600176,17.2100,17.2200,16.5000,16.7900,17.2100,39496908,665838174.6100,0.986600,-2.440400,1,0
2022-02-25,sh.600176,16.9000,17.2700,16.9000,17.1000,16.7900,33015885,565846769.8700,0.824800,1.846300,1,0
2022-02-28,sh.600176,17.1700,17.3300,16.9800,17.0500,17.1000,18380622,313780320.0000,0.459200,-0.292400,1,0
2022-03-01,sh.600176,17.1700,17.4100,16.8800,17.0400,17.0500,40613930,695793856.0000,1.014600,-0.058700,1,0
2022-03-02,sh.600176,16.9500,16.9900,16.6800,16.7200,17.0400,37413675,628199680.0000,0.934600,-1.877900,1,0
2022-03-03,sh.600176,16.7500,16.7800,16.6000,16.6800,16.7200,28444297,474520960.0000,0.710600,-0.239200,1,0
2022-03-04,sh.600176,16.5700,16.6000,16.3300,16.3500,16.6800,29981667,493056896.0000,0.749000,-1.978400,1,0
2022-03-07,sh.600176,16.3200,16.5700,16.0000,16.0900,16.3500,44565234,723465888.0000,1.113300,-1.590200,1,0
2022-03-08,sh.600176,16.1500,16.2200,15.3000,15.3300,16.0900,39986809,628471248.0000,0.998900,-4.723400,1,0
2022-03-09,sh.600176,15.3600,15.5800,14.5100,15.1500,15.3300,47688274,716778208.0000,1.191300,-1.174200,1,0
2022-03-10,sh.600176,15.9000,16.0500,15.7000,15.8700,15.1500,41856360,664283200.0000,1.045600,4.752500,1,0
2022-03-11,sh.600176,15.6200,16.0700,15.5500,15.9300,15.8700,31672001,499408304.0000,0.791200,0.378100,1,0
2022-03-14,sh.600176,15.8000,16.0900,15.5600,15.5600,15.9300,21257680,335768688.0000,0.531000,-2.322700,1,0
2022-03-15,sh.600176,15.3700,15.4500,14.6000,14.6300,15.5600,35099408,527798784.0000,0.876800,-5.976900,1,0
2022-03-16,sh.600176,14.8500,15.6500,14.5300,15.5500,14.6300,39650939,597572624.0000,0.990500,6.288400,1,0
2022-03-17,sh.600176,15.8600,16.2500,15.8100,16.0900,15.5500,49331598,792395792.0000,1.232300,3.472700,1,0
2022-03-18,sh.600176,16.0400,16.2300,15.8800,16.1700,16.0900,24155938,388291248.8200,0.603400,0.497200,1,0
2022-03-21,sh.600176,16.2600,16.2900,15.6000,15.7900,16.1700,44386598,703888222.4600,1.108800,-2.350000,1,0
2022-03-22,sh.600176,15.7400,15.7900,15.5100,15.6500,15.7900,32533868,507428249.8900,0.812700,-0.886600,1,0
2022-03-23,sh.600176,15.6500,15.7500,15.4900,15.5700,15.6500,24353806,378958254.3400,0.608400,-0.511200,1,0
2022-03-24,sh.600176,15.4000,15.4800,15.2300,15.2900,15.5700,26983339,413540667.6300,0.674100,-1.798300,1,0
2022-03-25,sh.600176,15.3600,15.5000,15.1500,15.1800,15.2900,22994626,352176287.8900,0.574400,-0.719400,1,0
2022-03-28,sh.600176,14.9900,15.2200,14.7200,15.1400,15.1800,23986232,359230966.0300,0.599200,-0.263500,1,0
2022-03-29,sh.600176,15.0000,15.2000,14.9800,15.1700,15.1400,18047436,272601237.9800,0.450800,0.198200,1,0
2022-03-30,sh.600176,15.2500,15.5100,15.2000,15.4200,15.1700,26646909,409285841.7300,0.665700,1.648000,1,0
2022-03-31,sh.600176,15.3600,15.4500,15.1400,15.2400,15.4200,19180003,292883633.7500,0.479100,-1.167300,1,0
2022-04-01,sh.600176,15.0600,15.2700,14.9100,15.1900,15.2400,26541675,401001904.7300,0.663000,-0.328100,1,0
2022-04-06,sh.600176,15.1900,15.5800,15.1300,15.4300,15.1900,29618446,453749698.9700,0.739900,1.580000,1,0
2022-04-07,sh.600176,15.3400,15.7400,15.3000,15.4100,15.4300,38126763,591838772.7600,0.952400,-0.129600,1,0
2022-04-08,sh.600176,15.3800,16.4500,15.3700,16.3000,15.4100,72460368,1157668487.5200,1.810100,5.775500,1,0
2022-04-11,sh.600176,16.1000,16.3300,15.8000,15.8900,16.3000,39926751,639163151.6300,0.997400,-2.515300,1,0
2022-04-12,sh.600176,15.7600,16.1700,15.5200,16.1000,15.8900,28738317,457159725.4800,0.717900,1.321600,1,0
2022-04-13,sh.600176,15.9900,15.9900,15.6800,15.6900,16.1000,21048662,332451042.1100,0.525800,-2.546600,1,0
2022-04-14,sh.600176,15.7800,16.3000,15.6600,16.1700,15.6900,29727468,477163042.8100,0.742600,3.059300,1,0
2022-04-15,sh.600176,16.0300,16.4000,15.9800,16.0300,16.1700,21721550,351390744.0900,0.542600,-0.865800,1,0
2022-04-18,sh.600176,15.8000,15.9900,15.7300,15.8100,16.0300,21585889,341952060.3900,0.539200,-1.372400,1,0
2022-04-19,sh.600176,15.7800,15.9500,15.4100,15.5300,15.8100,33220928,518503459.8100,0.829900,-1.771000,1,0
2022-04-20,sh.600176,15.5400,15.6000,15.0600,15.1200,15.5300,35676111,543749987.4900,0.891200,-2.640100,1,0
2022-04-21,sh.600176,15.0600,15.1400,14.6300,14.6900,15.1200,29843277,443065096.7500,0.745500,-2.843900,1,0
2022-04-22,sh.600176,14.6300,14.9700,14.4200,14.8700,14.6900,23016648,337739048.6700,0.575000,1.225300,1,0
2022-04-25,sh.600176,14.6800,14.8800,14.2400,14.3000,14.8700,26801307,391232578.9700,0.669500,-3.833200,1,0
2022-04-26,sh.600176,14.5900,15.1500,14.4100,14.7300,14.3000,40121799,592496495.1700,1.002300,3.007000,1,0
2022-04-27,sh.600176,14.7300,15.4300,14.7300,15.3900,14.7300,48239821,732705660.6900,1.205100,4.480700,1,0
2022-04-28,sh.600176,15.2800,15.8300,15.1500,15.5900,15.3900,41455836,645311765.5000,1.035600,1.299500,1,0
2022-04-29,sh.600176,15.7200,15.8800,15.4000,15.7300,15.5900,37938155,594034626.4800,0.947700,0.898000,1,0
2022-05-05,sh.600176,15.8700,16.2800,15.7000,16.0700,15.7300,48939949,786503796.0700,1.222500,2.161500,1,0
2022-05-06,sh.600176,15.8000,15.9800,15.7000,15.8100,16.0700,26132478,413205002.9600,0.652800,-1.617900,1,0
2022-05-09,sh.600176,15.7000,16.0700,15.6700,15.9800,15.8100,20465348,326036760.7900,0.511200,1.075300,1,0
2022-05-10,sh.600176,15.7600,16.0200,15.6600,15.8700,15.9800,25788615,408172974.2800,0.644200,-0.688400,1,0
2022-05-11,sh.600176,15.9000,16.1900,15.8500,15.9300,15.8700,34385568,551034813.1400,0.859000,0.378100,1,0
2022-05-12,sh.600176,15.8300,16.0400,15.7200,15.9100,15.9300,27108984,430459126.9600,0.677200,-0.125500,1,0
2022-05-13,sh.600176,15.9900,16.4800,15.9900,16.2300,15.9100,41777751,681854620.2800,1.043600,2.011300,1,0
2022-05-16,sh.600176,16.3600,16.4200,16.0400,16.0900,16.2300,23343589,377394815.7000,0.583100,-0.862600,1,0
2022-05-17,sh.600176,16.1700,16.2900,15.9700,16.2200,16.0900,20336085,329382423.7200,0.508000,0.808000,1,0
2022-05-18,sh.600176,16.2400,16.3000,15.9500,15.9600,16.2200,28445921,456869698.0700,0.710600,-1.603000,1,0
2022-05-19,sh.600176,15.9100,16.0800,15.7000,16.0200,15.9600,29347757,465707681.0500,0.733100,0.375900,1,0
2022-05-20,sh.600176,16.1000,16.6000,16.0300,16.6000,16.0200,46127316,755590713.4400,1.152300,3.620500,1,0
2022-05-23,sh.600176,16.6300,16.6400,16.3500,16.5000,16.6000,32303338,531164945.5400,0.807000,-0.602400,1,0
2022-05-24,sh.600176,16.5100,16.6000,16.0700,16.1000,16.5000,30184417,493593484.5400,0.754000,-2.424200,1,0
2022-05-25,sh.600176,16.1000,16.2300,15.9700,16.1300,16.1000,22024162,353894225.2800,0.550200,0.186300,1,0
2022-05-26,sh.600176,15.7600,15.7600,15.3300,15.5200,15.6500,27920400,432980688.6400,0.697500,-0.830700,1,0
2022-05-27,sh.600176,15.6000,16.0500,15.5600,15.8000,15.5200,33621136,534016768.3800,0.839900,1.804100,1,0
2022-05-30,sh.600176,15.8300,16.2400,15.8300,16.1100,15.8000,35298894,568472132.8300,0.881800,1.962000,1,0
2022-05-31,sh.600176,16.1700,16.4500,16.1300,16.3400,16.1100,31154063,508444202.7800,0.778200,1.427700,1,0
2022-06-01,sh.600176,16.4000,16.6200,16.2000,16.5700,16.3400,43913327,724523239.0400,1.097000,1.407600,1,0
2022-06-02,sh.600176,16.4800,16.5500,16.3200,16.4400,16.5700,26100548,428155579.9400,0.652000,-0.784600,1,0
2022-06-06,sh.600176,16.3700,16.7400,16.1900,16.7200,16.4400,46243825,760420412.6800,1.155200,1.703200,1,0
2022-06-07,sh.600176,16.6700,16.7000,16.2500,16.3300,16.7200,50601987,829671997.5900,1.264100,-2.332500,1,0
2022-06-08,sh.600176,16.3500,16.5300,16.0700,16.2800,16.3300,40872695,663972234.7400,1.021000,-0.306200,1,0
2022-06-09,sh.600176,16.3500,16.5000,16.1200,16.2900,16.2800,35562125,579253210.5900,0.888400,0.061400,1,0
2022-06-10,sh.600176,16.2000,16.5500,16.1000,16.5000,16.2900,37134800,608164470.3900,0.927600,1.289100,1,0
2022-06-13,sh.600176,16.3800,16.6600,16.3300,16.5900,16.5000,30281959,499223752.0500,0.756500,0.545500,1,0
2022-06-14,sh.600176,16.4000,16.7300,16.2000,16.7200,16.5900,40606553,670291953.4200,1.014400,0.783600,1,0
2022-06-15,sh.600176,16.7100,16.9500,16.5600,16.7100,16.7200,54230711,910540154.4900,1.354700,-0.059800,1,0
2022-06-16,sh.600176,16.7100,16.8200,16.4100,16.4900,16.7100,35783430,592703136.3400,0.893900,-1.316600,1,0
2022-06-17,sh.600176,16.3700,16.6000,16.2600,16.5300,16.4900,30117671,495556249.7700,0.752400,0.242600,1,0
2022-06-20,sh.600176,16.5000,17.0400,16.4300,16.9100,16.5300,52235478,877077420.5700,1.304900,2.298900,1,0
2022-06-21,sh.600176,16.9000,17.0000,16.7600,16.9300,16.9100,33323612,562369569.8600,0.832400,0.118300,1,0
2022-06-22,sh.600176,16.9400,16.9700,16.6800,16.6800,16.9300,26337616,442055887.1900,0.657900,-1.476700,1,0
2022-06-23,sh.600176,16.6800,16.8300,16.4500,16.8100,16.6800,29087677,483757177.8800,0.726600,0.779400,1,0
2022-06-24,sh.600176,16.8100,17.0200,16.7500,16.8900,16.8100,32677837,551812829.0600,0.816300,0.475900,1,0
2022-06-27,sh.600176,16.9800,17.2300,16.9100,17.1200,16.8900,42418083,723170897.1700,1.059600,1.361800,1,0
2022-06-28,sh.600176,17.1700,17.2900,16.9600,17.2600,17.1200,32479019,557335055.9600,0.811300,0.817800,1,0
2022-06-29,sh.600176,17.2600,17.7800,17.1200,17.2500,17.2600,54285370,947870469.5600,1.356100,-0.057900,1,0
2022-06-30,sh.600176,17.2500,17.5700,17.1500,17.4100,17.2500,37441832,651750820.7800,0.935300,0.927500,1,0
2022-07-01,sh.600176,17.4000,17.6300,17.3000,17.4200,17.4100,37439903,652619391.9200,0.935300,0.057400,1,0
2022-07-04,sh.600176,17.4500,17.5700,17.2400,17.3000,17.4200,37772074,654505264.2800,0.943600,-0.688900,1,0
2022-07-05,sh.600176,17.3300,17.5700,16.8800,17.2300,17.3000,46198415,790866226.1900,1.154100,-0.404600,1,0
2022-07-06,sh.600176,17.1400,17.2700,16.0800,16.2800,17.2300,69499146,1146610229.3500,1.736100,-5.513600,1,0
2022-07-07,sh.600176,16.1700,16.3000,15.9700,16.0300,16.2800,39646013,638262652.9000,0.990400,-1.535600,1,0
2022-07-08,sh.600176,16.1600,16.1900,15.7400,15.7600,16.0300,39570984,629416941.8500,0.988500,-1.684300,1,0
2022-07-11,sh.600176,15.8200,15.8200,14.9800,15.1900,15.7600,56137906,852964253.3400,1.402300,-3.616800,1,0
2022-07-12,sh.600176,15.4300,15.5000,15.1800,15.2700,15.1900,45736418,700055995.6900,1.142500,0.526700,1,0
2022-07-13,sh.600176,15.3300,15.6800,15.2900,15.5400,15.2700,45506748,704548800.9000,1.136800,1.768200,1,0
2022-07-14,sh.600176,15.4800,15.5600,15.3300,15.3800,15.5400,33834909,521725915.0600,0.845200,-1.029600,1,0
2022-07-15,sh.600176,15.2800,15.2900,14.8700,14.8700,15.3800,57484745,865663372.0000,1.436000,-3.316000,1,0
2022-07-18,sh.600176,14.8900,15.1600,14.8000,15.1300,14.8700,37563516,563149791.4800,0.938400,1.748500,1,0
2022-07-19,sh.600176,15.2000,15.4300,15.0900,15.3200,15.1300,34119918,521094081.4200,0.852300,1.255800,1,0
2022-07-20,sh.600176,15.4000,15.4400,15.2300,15.3100,15.3200,25886620,396106112.8200,0.646700,-0.065300,1,0
2022-07-21,sh.600176,15.2500,15.3100,15.0700,15.1000,15.3100,26907735,407559143.0700,0.672200,-1.371700,1,0
2022-07-22,sh.600176,15.0700,15.1700,14.8800,15.0600,15.1000,24850745,373425784.1200,0.620800,-0.264900,1,0
2022-07-25,sh.600176,15.0700,15.2300,14.9900,15.0400,15.0600,22183711,334609619.2700,0.554200,-0.132800,1,0
2022-07-26,sh.600176,15.0300,15.1700,14.9900,15.1100,15.0400,18384778,277438701.8700,0.459300,0.465400,1,0
2022-07-27,sh.600176,15.1200,15.1500,14.9300,14.9600,15.1100,24161774,361912780.1800,0.603600,-0.992700,1,0
2022-07-28,sh.600176,15.0800,15.1300,14.9800,15.1100,14.9600,31807015,478695268.7600,0.794600,1.002700,1,0
2022-07-29,sh.600176,15.0800,15.1600,14.9100,14.9500,15.1100,33805466,508072482.1000,0.844500,-1.058900,1,0
2022-08-01,sh.600176,14.8500,14.8800,14.3600,14.5900,14.9500,55849910,810258923.4400,1.395200,-2.408000,1,0
2022-08-02,sh.600176,14.4500,14.4500,14.0200,14.2600,14.5900,39770760,566779983.4500,0.993500,-2.261800,1,0
2022-08-03,sh.600176,14.2600,14.4800,14.1200,14.1400,14.2600,25949752,370937016.5400,0.648200,-0.841500,1,0
2022-08-04,sh.600176,14.2200,14.3000,14.1000,14.2700,14.1400,17897578,254446789.0000,0.447100,0.919400,1,0
2022-08-05,sh.600176,14.2700,14.6200,14.2000,14.6100,14.2700,27606237,397949066.0000,0.689600,2.382600,1,0
2022-08-08,sh.600176,14.5100,14.8000,14.4800,14.7000,14.6100,24213346,354837740.0000,0.604900,0.616000,1,0
2022-08-09,sh.600176,14.7000,14.8300,14.6100,14.7800,14.7000,18600958,273986122.0000,0.464700,0.544200,1,0
2022-08-10,sh.600176,14.7300,14.8600,14.6000,14.7300,14.7800,18670712,274420481.0000,0.466400,-0.338300,1,0
2022-08-11,sh.600176,14.7500,14.8700,14.7100,14.8400,14.7300,24410962,361484121.0000,0.609800,0.746800,1,0
2022-08-12,sh.600176,14.8600,15.1400,14.8200,15.0400,14.8400,31856493,479500267.0000,0.795800,1.347700,1,0
2022-08-15,sh.600176,15.0400,15.1900,14.8600,14.9900,15.0400,24881653,373410910.1200,0.621600,-0.332400,1,0
2022-08-16,sh.600176,14.9700,15.0200,14.8700,15.0000,14.9900,19463312,290787532.9600,0.486200,0.066700,1,0
2022-08-17,sh.600176,15.0300,15.0300,14.8300,14.9500,15.0000,21875169,326314816.5700,0.546500,-0.333300,1,0
2022-08-18,sh.600176,14.9400,14.9600,14.7300,14.8000,14.9500,20726971,307137732.4500,0.517800,-1.003300,1,0
2022-08-19,sh.600176,14.7300,14.9100,14.7200,14.8000,14.8000,15924560,235883077.0000,0.397800,0.000000,1,0
2022-08-22,sh.600176,14.7500,14.9500,14.6600,14.9500,14.8000,21259484,314940075.7000,0.531100,1.013500,1,0
2022-08-23,sh.600176,14.9900,15.1700,14.7900,14.8500,14.9500,40694034,607072253.7000,1.016600,-0.668900,1,0
2022-08-24,sh.600176,14.7900,14.9000,14.5300,14.5700,14.8500,27847345,409882143.4100,0.695600,-1.885500,1,0
2022-08-25,sh.600176,14.5900,14.9200,14.3900,14.9100,14.5700,32047316,472208717.6600,0.800600,2.333600,1,0
2022-08-26,sh.600176,14.8700,14.9200,14.6100,14.6600,14.9100,20603064,304240767.4800,0.514700,-1.676700,1,0
2022-08-29,sh.600176,14.3600,14.6200,14.2700,14.5700,14.6600,23978080,346288250.5700,0.599000,-0.613900,1,0
2022-08-30,sh.600176,14.5100,14.6700,14.3300,14.4000,14.5700,15492812,223717275.9200,0.387000,-1.166800,1,0
2022-08-31,sh.600176,14.3700,14.6200,14.3000,14.4100,14.4000,19138746,276396536.7800,0.478100,0.069400,1,0
2022-09-01,sh.600176,14.3500,14.5800,14.2200,14.2300,14.4100,24237156,349074636.1900,0.605500,-1.249100,1,0
2022-09-02,sh.600176,14.2500,14.3200,14.0900,14.1200,14.2300,22423737,317567217.5700,0.560200,-0.773000,1,0
2022-09-05,sh.600176,14.1300,14.2500,14.0200,14.2500,14.1200,19489960,275265360.1200,0.486900,0.920700,1,0
2022-09-06,sh.600176,14.2800,14.5800,14.2800,14.5400,14.2500,26349270,382214608.2600,0.658200,2.035100,1,0
2022-09-07,sh.600176,14.5200,14.5800,14.4300,14.4600,14.5400,17819583,258149381.2800,0.445100,-0.550200,1,0
2022-09-08,sh.600176,14.5200,14.5600,14.3900,14.4000,14.4600,13380102,193474194.2300,0.334200,-0.414900,1,0
2022-09-09,sh.600176,14.4700,14.9000,14.3600,14.8400,14.4000,35506652,522014143.8400,0.887000,3.055600,1,0
2022-09-13,sh.600176,14.8700,15.0400,14.7200,14.7500,14.8400,26172140,388589532.2100,0.653800,-0.606500,1,0
2022-09-14,sh.600176,14.6000,14.6600,14.4000,14.5400,14.7500,21766169,316736121.1900,0.543700,-1.423700,1,0
2022-09-15,sh.600176,14.5600,14.8500,14.4500,14.6500,14.5400,31812830,466899976.2300,0.794700,0.756500,1,0
2022-09-16,sh.600176,14.6200,14.6900,14.0300,14.0300,14.6500,35564546,505551978.2800,0.888400,-4.232100,1,0
2022-09-19,sh.600176,13.9900,14.0400,13.5400,13.8300,14.0300,21407390,296130332.4100,0.534800,-1.425500,1,0
2022-09-20,sh.600176,13.9600,14.0800,13.8800,13.9500,13.8300,13017830,182075484.8700,0.325200,0.867700,1,0
2022-09-21,sh.600176,13.9100,13.9800,13.7200,13.8100,13.9500,14218990,196563155.9000,0.355200,-1.003600,1,0
2022-09-22,sh.600176,13.7500,13.7800,13.4300,13.4700,13.8100,26723035,362951564.0600,0.667600,-2.462000,1,0
2022-09-23,sh.600176,13.4700,13.7000,13.4200,13.6000,13.4700,17830272,242785425.0500,0.445400,0.965100,1,0
2022-09-26,sh.600176,13.5000,13.7200,13.1600,13.2300,13.6000,23663983,317011833.9200,0.591100,-2.720600,1,0
2022-09-27,sh.600176,13.2700,13.5600,13.1200,13.5500,13.2300,23222760,310120429.1600,0.580100,2.418700,1,0
2022-09-28,sh.600176,13.5000,13.5300,13.2000,13.2300,13.5500,14631050,194887563.2700,0.365500,-2.361600,1,0
2022-09-29,sh.600176,13.3500,13.4600,13.1200,13.2200,13.2300,16231461,215422749.9300,0.405500,-0.075600,1,0
2022-09-30,sh.600176,13.1800,13.3000,13.1400,13.1800,13.2200,11692006,154527708.4900,0.292100,-0.302600,1,0
2022-10-10,sh.600176,13.1700,13.2200,12.6400,12.6900,13.1800,29901379,385292899.4700,0.746900,-3.717800,1,0
2022-10-11,sh.600176,12.7100,13.1000,12.6000,13.0600,12.6900,25380355,327099130.2200,0.634000,2.915700,1,0
2022-10-12,sh.600176,13.0000,13.1700,12.7000,13.1500,13.0600,17502044,227044472.8600,0.437200,0.689100,1,0
2022-10-13,sh.600176,13.1400,13.2000,13.0300,13.0900,13.1500,12996807,170362409.0100,0.324700,-0.456300,1,0
2022-10-14,sh.600176,13.2100,13.4000,13.2100,13.3200,13.0900,19722927,262490608.2500,0.492700,1.757100,1,0
2022-10-17,sh.600176,13.3000,13.3700,13.2200,13.3000,13.3200,15670499,208091538.2400,0.391500,-0.150200,1,0
2022-10-18,sh.600176,13.3400,13.4400,13.2400,13.2600,13.3000,15807618,210367664.5200,0.394900,-0.300800,1,0
2022-10-19,sh.600176,13.2600,13.2600,12.9500,12.9900,13.2600,18060791,236146920.5200,0.451200,-2.036200,1,0
2022-10-20,sh.600176,12.9300,13.0200,12.7900,12.8100,12.9900,17987135,231279955.5900,0.449300,-1.385700,1,0
2022-10-21,sh.600176,12.8000,12.9200,12.5700,12.6200,12.8100,20300229,258048741.6000,0.507100,-1.483200,1,0
2022-10-24,sh.600176,12.3100,12.3200,11.4400,11.5600,12.6200,74102124,871066903.1100,1.851100,-8.399400,1,0
2022-10-25,sh.600176,11.5700,11.8100,11.4700,11.6900,11.5600,32796049,382248216.1700,0.819300,1.124600,1,0
2022-10-26,sh.600176,11.6900,11.9300,11.6500,11.7400,11.6900,24990523,294508050.3900,0.624300,0.427700,1,0
2022-10-27,sh.600176,11.7500,12.1300,11.7500,12.0500,11.7400,30094854,360025513.0100,0.751800,2.640500,1,0
2022-10-28,sh.600176,12.1000,12.1100,11.7800,11.8400,12.0500,22202922,264439151.3800,0.554600,-1.742700,1,0
2022-10-31,sh.600176,11.6900,11.9000,11.6200,11.7000,11.8400,19567686,229449224.8100,0.488800,-1.182400,1,0
2022-11-01,sh.600176,11.7100,12.0500,11.7100,12.0500,11.7000,24932488,296873219.8300,0.622800,2.991500,1,0
2022-11-02,sh.600176,12.0300,12.2300,11.9500,12.1600,12.0500,24171767,293004071.9400,0.603800,0.912900,1,0
2022-11-03,sh.600176,12.0800,12.3200,12.0000,12.2600,12.1600,17857580,218738600.4400,0.446100,0.822400,1,0
2022-11-04,sh.600176,12.2700,12.7300,12.2600,12.6500,12.2600,27880332,350546032.5900,0.696500,3.181100,1,0
2022-11-07,sh.600176,12.7000,13.1900,12.6500,13.0800,12.6500,38545116,500262393.6200,0.962900,3.399200,1,0
2022-11-08,sh.600176,13.1200,13.2000,12.9500,13.2000,13.0800,27392373,358927577.1200,0.684300,0.917400,1,0
2022-11-09,sh.600176,13.1000,13.3000,13.0200,13.1000,13.2000,17786227,233560185.8600,0.444300,-0.757600,1,0
2022-11-10,sh.600176,13.0100,13.1200,12.9000,13.0800,13.1000,17031638,221408981.0800,0.425500,-0.152700,1,0
2022-11-11,sh.600176,13.4500,13.5300,13.2600,13.4000,13.0800,37374220,500815352.8200,0.933600,2.446500,1,0
2022-11-14,sh.600176,13.6000,13.8100,13.2000,13.2300,13.4000,46103586,622771642.7200,1.151700,-1.268700,1,0
2022-11-15,sh.600176,13.2800,13.8300,13.1300,13.7800,13.2300,39405063,534506169.4700,0.984400,4.157200,1,0
2022-11-16,sh.600176,13.7000,14.0000,13.6600,13.7100,13.7800,26723477,370206211.5900,0.667600,-0.508000,1,0
2022-11-17,sh.600176,13.7800,13.7800,13.5000,13.7500,13.7100,29306517,398850810.8000,0.732100,0.291800,1,0
2022-11-18,sh.600176,13.7800,13.7800,13.6200,13.6300,13.7500,16243243,221928321.7600,0.405800,-0.872700,1,0
2022-11-21,sh.600176,13.6100,13.8800,13.4600,13.8500,13.6300,22570628,308719287.1000,0.563800,1.614100,1,0
2022-11-22,sh.600176,13.7300,14.1700,13.7100,14.0600,13.8500,38321197,537517463.1600,0.957300,1.516200,1,0
2022-11-23,sh.600176,14.0500,14.1800,13.8700,14.0000,14.0600,22180404,310919209.2800,0.554100,-0.426700,1,0
2022-11-24,sh.600176,14.0000,14.3500,13.9100,13.9800,14.0000,23959713,338053635.3100,0.598500,-0.142900,1,0
2022-11-25,sh.600176,13.9700,14.2200,13.9000,14.0000,13.9800,22533498,317566511.1700,0.562900,0.143100,1,0
2022-11-28,sh.600176,13.8400,14.0200,13.5800,14.0200,14.0000,26717520,369309287.7100,0.667400,0.142900,1,0
2022-11-29,sh.600176,14.0700,14.5200,14.0500,14.3700,14.0200,37089576,531646218.2800,0.926500,2.496400,1,0
2022-11-30,sh.600176,14.3900,14.5600,14.3300,14.3600,14.3700,21072185,304124532.6400,0.526400,-0.069600,1,0
2022-12-01,sh.600176,14.5000,14.7900,14.3100,14.3800,14.3600,22697045,328967347.3400,0.567000,0.139300,1,0
2022-12-02,sh.600176,14.3200,14.4700,14.3000,14.4000,14.3800,13534281,194799631.2000,0.338100,0.139100,1,0
2022-12-05,sh.600176,14.4300,15.1700,14.4300,14.9500,14.4000,53998046,803284663.5900,1.348900,3.819400,1,0
2022-12-06,sh.600176,14.8500,15.0400,14.5900,14.7000,14.9500,35164169,518455953.8300,0.878400,-1.672200,1,0
2022-12-07,sh.600176,14.6300,14.8100,14.5000,14.5700,14.7000,22880536,335031435.5600,0.571600,-0.884400,1,0
2022-12-08,sh.600176,14.5500,14.7100,14.4500,14.6300,14.5700,17434904,254464672.1200,0.435500,0.411800,1,0
2022-12-09,sh.600176,14.6200,14.7700,14.5000,14.7500,14.6300,18030255,263995885.0700,0.450400,0.820200,1,0
2022-12-12,sh.600176,14.6500,14.6900,14.2000,14.2900,14.7500,29443682,422375270.3500,0.735500,-3.118600,1,0
2022-12-13,sh.600176,14.3000,14.4700,14.2800,14.3700,14.2900,11701752,168170174.2900,0.292300,0.559800,1,0
2022-12-14,sh.600176,14.3700,14.7400,14.3100,14.4500,14.3700,14982597,217968053.2100,0.374300,0.556700,1,0
2022-12-15,sh.600176,14.4000,14.4800,14.1000,14.2400,14.4500,15234134,216723124.1900,0.380600,-1.453300,1,0
2022-12-16,sh.600176,14.2100,14.5900,14.1300,14.4600,14.2400,18391220,265324352.8200,0.459400,1.544900,1,0
2022-12-19,sh.600176,14.3600,14.5700,13.9800,14.0900,14.4600,20303135,287745913.2100,0.507200,-2.558800,1,0
2022-12-20,sh.600176,14.1000,14.1100,13.6600,13.7900,14.0900,17076816,236043470.9200,0.426600,-2.129200,1,0
2022-12-21,sh.600176,13.9100,13.9100,13.5700,13.7900,13.7900,23317635,320115620.7000,0.582500,0.000000,1,0
2022-12-22,sh.600176,13.8800,14.0100,13.6500,13.7900,13.7900,19706992,271808456.9700,0.492300,0.000000,1,0
2022-12-23,sh.600176,13.7300,13.9100,13.5000,13.6500,13.7900,15837219,216632693.7300,0.395600,-1.015200,1,0
2022-12-26,sh.600176,13.7000,13.7000,13.4000,13.4900,13.6500,14858398,200359536.4200,0.371200,-1.172200,1,0
2022-12-27,sh.600176,13.5400,13.8500,13.4500,13.8000,13.4900,15462879,212150404.1200,0.386300,2.298000,1,0
2022-12-28,sh.600176,13.7400,13.7400,13.2900,13.3800,13.8000,25670877,344014877.1500,0.641300,-3.043500,1,0
2022-12-29,sh.600176,13.3500,13.5800,13.1700,13.5300,13.3800,24414377,327481002.5100,0.609900,1.121100,1,0
2022-12-30,sh.600176,13.5300,13.9300,13.5300,13.7100,13.5300,19535011,268587570.6300,0.488000,1.330400,1,0
2023-01-03,sh.600176,13.7000,13.9800,13.5200,13.9400,13.7100,28273780,391003785.5400,0.706300,1.677600,1,0
2023-01-04,sh.600176,13.9000,14.0500,13.7900,13.8800,13.9400,20186953,281167934.1400,0.504300,-0.430400,1,0
2023-01-05,sh.600176,13.9000,13.9600,13.7900,13.9200,13.8800,20950707,290877270.3800,0.523400,0.288200,1,0
2023-01-06,sh.600176,13.9500,14.1700,13.9000,14.0000,13.9200,18763497,263638661.5400,0.468700,0.574700,1,0
2023-01-09,sh.600176,14.1200,14.2800,14.0400,14.2500,14.0000,16591255,235444786.0400,0.414500,1.785700,1,0
2023-01-10,sh.600176,14.2800,14.3200,14.1000,14.2700,14.2500,16917825,241031222.2400,0.422600,0.140400,1,0
2023-01-11,sh.600176,14.3500,14.5200,14.2800,14.3400,14.2700,20748845,299579553.3500,0.518300,0.490500,1,0
2023-01-12,sh.600176,14.3500,14.4200,14.2100,14.3000,14.3400,13699718,196009822.7500,0.342200,-0.278900,1,0
2023-01-13,sh.600176,14.2900,14.5600,14.2700,14.5400,14.3000,17885756,258798546.1200,0.446800,1.678300,1,0
2023-01-16,sh.600176,14.5400,14.6800,14.4400,14.5400,14.5400,20670086,301713055.8800,0.516300,0.000000,1,0
2023-01-17,sh.600176,14.6000,14.6000,14.4200,14.5500,14.5400,16511863,239205514.9400,0.412500,0.068800,1,0
2023-01-18,sh.600176,14.5500,14.6600,14.5000,14.5900,14.5500,11857502,172887058.9400,0.296200,0.274900,1,0
2023-01-19,sh.600176,14.5200,14.5900,14.4300,14.5900,14.5900,15500571,224862898.2700,0.387200,0.000000,1,0
2023-01-20,sh.600176,14.6000,14.8100,14.5600,14.7500,14.5900,15784802,232382730.3400,0.394300,1.096600,1,0
2023-01-30,sh.600176,14.9200,15.0000,14.7000,14.7400,14.7500,22225267,329934250.7100,0.555200,-0.067800,1,0
2023-01-31,sh.600176,14.7400,14.8700,14.6700,14.7500,14.7400,14327530,211581657.2500,0.357900,0.067800,1,0
2023-02-01,sh.600176,14.7500,14.8900,14.5500,14.8700,14.7500,25853482,380876012.1800,0.645800,0.813600,1,0
2023-02-02,sh.600176,14.8700,15.1600,14.7600,15.1000,14.8700,36620523,549475680.4400,0.914800,1.546700,1,0
2023-02-03,sh.600176,15.0000,15.0500,14.6200,14.7100,15.1000,38738336,570770787.0500,0.967700,-2.582800,1,0
2023-02-06,sh.600176,14.5200,14.6400,14.4500,14.4800,14.7100,21281824,308728002.9200,0.531600,-1.563600,1,0
2023-02-07,sh.600176,14.6000,14.7700,14.4900,14.6900,14.4800,16152715,236924091.3600,0.403500,1.450300,1,0
2023-02-08,sh.600176,14.6900,14.8300,14.6400,14.7000,14.6900,11432268,168487955.8200,0.285600,0.068100,1,0
2023-02-09,sh.600176,14.6500,14.8900,14.6200,14.8600,14.7000,11979160,177539436.5100,0.299200,1.088400,1,0
2023-02-10,sh.600176,14.8600,14.9800,14.7900,14.8600,14.8600,11406719,169681729.6500,0.284900,0.000000,1,0
2023-02-13,sh.600176,14.8100,15.3900,14.7900,15.3900,14.8600,38553902,585962010.3300,0.963100,3.566600,1,0
