date,code,open,high,low,close,preclose,volume,amount,turn,pctChg,tradestatus,isST
2017-01-03,sh.600926,20.9500,21.2500,20.9400,21.1300,20.9500,6194919,130966180.0000,2.366731,0.859181,1,0
2017-01-04,sh.600926,21.1500,21.3200,21.1200,21.3100,21.1300,7954356,168892125.0000,3.038913,0.851871,1,0
2017-01-05,sh.600926,21.3300,21.3300,21.1800,21.2000,21.3100,5993224,127263490.0000,2.289675,-0.516184,1,0
2017-01-06,sh.600926,21.1700,21.2300,20.8500,20.8800,21.2000,8366693,175746533.0000,3.196444,-1.509441,1,0
2017-01-09,sh.600926,20.8200,20.9700,20.7300,20.9400,20.8800,5252655,109507175.0000,2.006745,0.287363,1,0
2017-01-10,sh.600926,20.8800,20.9300,20.7700,20.7800,20.9400,4956306,103202138.0000,1.893527,-0.764087,1,0
2017-01-11,sh.600926,20.8100,20.8100,20.2800,20.2900,20.7800,9644373,197620863.0000,3.684574,-2.358035,1,0
2017-01-12,sh.600926,20.2700,20.3300,19.9300,19.9600,20.2900,7198518,144967417.0000,2.750150,-1.626426,1,0
2017-01-13,sh.600926,19.9700,19.9900,19.5200,19.6400,19.9600,8750652,172751768.0000,3.343134,-1.603205,1,0
2017-01-16,sh.600926,19.5300,19.9800,19.1700,19.6300,19.6400,11627980,226680724.0000,4.442399,-0.050918,1,0
2017-01-17,sh.600926,19.5000,19.7800,19.2300,19.7200,19.6300,8629084,168430177.0000,3.296689,0.458483,1,0
2017-01-18,sh.600926,19.6000,19.6800,19.3700,19.3800,19.7200,6228772,121677393.0000,2.379665,-1.724139,1,0
2017-01-19,sh.600926,19.3000,19.6900,19.0400,19.4500,19.3800,8573878,166378634.0000,3.275598,0.361205,1,0
2017-01-20,sh.600926,19.3600,19.8600,19.3200,19.7400,19.4500,9288431,182862620.0000,3.548589,1.490997,1,0
2017-01-23,sh.600926,19.7000,19.9300,19.6700,19.7600,19.7400,7818031,154741777.0000,2.986831,0.101319,1,0
2017-01-24,sh.600926,19.7700,19.7800,19.6200,19.6900,19.7600,3994088,78658974.0000,1.525917,-0.354249,1,0
2017-01-25,sh.600926,19.6300,19.7500,19.6000,19.7000,19.6900,3283230,64640788.0000,1.254338,0.050788,1,0
2017-01-26,sh.600926,19.6800,20.2400,19.6800,20.1500,19.7000,11683539,234372349.0000,4.463625,2.284258,1,0
2017-02-03,sh.600926,20.1700,20.1700,19.8700,19.8900,20.1500,4200527,83786083.0000,1.604786,-1.290324,1,0
2017-02-06,sh.600926,19.9100,20.1100,19.8700,20.1000,19.8900,4620617,92378168.0000,1.765279,1.055812,1,0
2017-02-07,sh.600926,20.0800,20.1200,19.8400,19.9200,20.1000,5524159,110259027.0000,2.110471,-0.895524,1,0
2017-02-08,sh.600926,19.8800,20.1500,19.6700,20.1000,19.9200,9932754,197740335.0000,3.794748,0.903616,1,0
2017-02-09,sh.600926,20.0600,20.1900,20.0100,20.1100,20.1000,7227023,145221207.0000,2.761040,0.049752,1,0
2017-02-10,sh.600926,20.1800,20.7700,20.1200,20.5300,20.1100,20690094,425993904.0000,7.904525,2.088513,1,0
2017-02-13,sh.600926,20.5000,21.8600,20.5000,21.2400,20.5300,29816962,635120544.0000,11.391389,3.458349,1,0
2017-02-14,sh.600926,21.2700,21.3500,20.8000,21.0300,21.2400,15753689,330623312.0000,6.018601,-0.988696,1,0
2017-02-15,sh.600926,20.9500,22.1800,20.9300,21.6400,21.0300,42941593,932670960.0000,16.405575,2.900612,1,0
2017-02-16,sh.600926,21.5500,22.2200,21.4400,21.9300,21.6400,28971795,632640816.0000,11.068499,1.340115,1,0
2017-02-17,sh.600926,21.7200,22.1200,21.2000,21.2300,21.9300,24886460,538731440.0000,9.507721,-3.191978,1,0
2017-02-20,sh.600926,21.1200,23.2600,21.1100,23.1300,21.2300,57577612,1294653232.0000,21.997177,8.949598,1,0
2017-02-21,sh.600926,23.1500,23.2800,22.4000,22.6100,23.1300,37909449,860172832.0000,14.483075,-2.248157,1,0
2017-02-22,sh.600926,22.5000,22.5000,21.9300,22.2500,22.6100,26555943,588481040.0000,10.145537,-1.592219,1,0
2017-02-23,sh.600926,22.1200,22.4100,21.9100,22.2900,22.2500,17312048,384234560.0000,6.613963,0.179779,1,0
2017-02-24,sh.600926,22.1300,22.4400,22.0300,22.3400,22.2900,15004423,333126672.0000,5.732349,0.224312,1,0
2017-02-27,sh.600926,22.2800,22.2800,21.8000,21.8100,22.3400,16554014,363884688.0000,6.324361,-2.372429,1,0
2017-02-28,sh.600926,21.7800,23.1600,21.7200,22.9500,21.8100,43540768,990939136.0000,16.634486,5.226966,1,0
2017-03-01,sh.600926,22.7200,23.2200,22.5300,22.5900,22.9500,28912846,660139664.0000,11.045977,-1.568630,1,0
2017-03-02,sh.600926,22.6300,23.3000,22.5800,23.1400,22.5900,38281762,881420800.0000,14.625315,2.434702,1,0
2017-03-03,sh.600926,22.9000,22.9700,22.4800,22.5700,23.1400,24059239,545744304.0000,9.191686,-2.463266,1,0
2017-03-06,sh.600926,22.5000,22.9800,22.2100,22.6700,22.5700,16811458,380051680.0000,6.422716,0.443068,1,0
2017-03-07,sh.600926,22.5800,23.0000,22.5300,22.9800,22.6700,20213397,460353472.0000,7.722406,1.367444,1,0
2017-03-08,sh.600926,22.8600,23.1800,22.6300,22.8100,22.9800,19849612,454427248.0000,7.583424,-0.739774,1,0
2017-03-09,sh.600926,22.6600,22.9000,22.3300,22.4900,22.8100,16102099,363588736.0000,6.151709,-1.402892,1,0
2017-03-10,sh.600926,22.3800,22.6800,22.2400,22.2600,22.4900,12857628,288524144.0000,4.912179,-1.022675,1,0
2017-03-13,sh.600926,22.1000,22.6100,21.8300,22.5800,22.2600,16177446,359509968.0000,6.180495,1.437555,1,0
2017-03-14,sh.600926,22.4700,22.7800,22.3100,22.3900,22.5800,9028774,203477798.0000,3.449388,-0.841455,1,0
2017-03-15,sh.600926,22.3000,22.5200,22.1600,22.2000,22.3900,7905590,176242728.0000,3.020283,-0.848587,1,0
2017-03-16,sh.600926,22.2600,22.9800,22.2600,22.7900,22.2000,27564486,627071216.0000,10.530845,2.657658,1,0
2017-03-17,sh.600926,22.6800,22.8200,22.2700,22.3200,22.7900,17183748,387169984.0000,6.564947,-2.062313,1,0
2017-03-20,sh.600926,22.3100,22.5600,22.1800,22.5500,22.3200,10877239,243206799.0000,4.155583,1.030464,1,0
2017-03-21,sh.600926,22.4000,22.6000,22.3700,22.5700,22.5500,8095106,181934672.0000,3.092686,0.088694,1,0
2017-03-22,sh.600926,22.3700,22.4900,21.8800,21.9200,22.5700,16866540,373561808.0000,6.443759,-2.879927,1,0
2017-03-23,sh.600926,21.9300,22.1200,21.5100,21.8800,21.9200,12663596,276788688.0000,4.838050,-0.182486,1,0
2017-03-24,sh.600926,21.7900,21.9200,21.5100,21.8300,21.8800,10118300,219360674.0000,3.865635,-0.228516,1,0
2017-03-27,sh.600926,21.7800,22.2400,21.7200,21.9900,21.8300,10325029,227413159.0000,3.944615,0.732936,1,0
2017-03-28,sh.600926,22.0000,22.1300,21.8100,21.9500,21.9900,5730270,125593339.0000,2.189215,-0.181896,1,0
2017-03-29,sh.600926,21.9200,22.0000,21.4000,21.4100,21.9500,9938976,215018001.0000,3.797126,-2.460141,1,0
2017-03-30,sh.600926,21.4000,21.4800,20.6100,20.6400,21.4100,13731594,287075696.0000,5.246072,-3.596452,1,0
2017-03-31,sh.600926,21.0000,22.7000,20.8000,22.7000,20.6400,27403053,612248080.0000,10.469170,9.980627,1,0
2017-04-05,sh.600926,22.8000,23.1800,22.3000,22.9300,22.7000,50206070,1143926912.0000,19.180925,1.013214,1,0
2017-04-06,sh.600926,22.6300,22.7800,22.3200,22.7200,22.9300,24100848,545196864.0000,9.207583,-0.915835,1,0
2017-04-07,sh.600926,22.5800,23.1800,22.5800,22.7000,22.7200,26671252,610703584.0000,10.189590,-0.088022,1,0
2017-04-10,sh.600926,22.4700,22.6200,21.9300,22.1100,22.7000,22570236,501128624.0000,8.622822,-2.599120,1,0
2017-04-11,sh.600926,21.9600,22.9100,21.8400,22.7700,22.1100,27103398,608234352.0000,10.354689,2.985074,1,0
2017-04-12,sh.600926,22.5200,22.7000,22.0100,22.0800,22.7700,18794405,419616928.0000,7.180288,-3.030305,1,0
2017-04-13,sh.600926,22.0000,22.3400,21.7800,21.8400,22.0800,12731826,279816848.0000,4.864117,-1.086956,1,0
2017-04-14,sh.600926,21.7100,21.8900,21.4500,21.4800,21.8400,9633903,208426378.0000,3.680574,-1.648354,1,0
2017-04-17,sh.600926,21.1100,21.3600,20.7000,21.0400,21.4800,11534328,242391443.0000,4.406620,-2.048411,1,0
2017-04-18,sh.600926,21.1600,21.1800,20.8500,20.9200,21.0400,6799696,142723056.0000,2.597783,-0.570346,1,0
2017-04-19,sh.600926,21.1800,21.6500,21.0800,21.3700,20.9200,14007186,299277952.0000,5.351360,2.151055,1,0
2017-04-20,sh.600926,21.1500,21.3000,20.7500,20.8900,21.3700,9196570,193057008.0000,3.513494,-2.246146,1,0
2017-04-21,sh.600926,20.9500,21.3700,20.9300,21.0800,20.8900,7740165,163918492.0000,2.957083,0.909529,1,0
2017-04-24,sh.600926,21.0300,21.3600,20.5000,21.0600,21.0800,9169535,191813940.0000,3.503165,-0.094879,1,0
2017-04-25,sh.600926,21.1800,21.6500,20.9100,21.3100,21.0600,11116878,237071167.0000,4.247136,1.187085,1,0
2017-04-26,sh.600926,21.3600,21.6400,21.1900,21.3800,21.3100,10808608,232082904.0000,4.129363,0.328483,1,0
2017-04-27,sh.600926,21.2200,21.3800,20.9200,21.3000,21.3800,10404695,219875802.0000,3.975051,-0.374181,1,0
2017-04-28,sh.600926,21.2000,21.4700,21.1600,21.3800,21.3000,9000796,192030081.0000,3.438700,0.375586,1,0
2017-05-02,sh.600926,21.2500,21.2900,20.9500,21.1100,21.3800,7716308,162927236.0000,2.947969,-1.262856,1,0
2017-05-03,sh.600926,21.0500,21.4500,20.9800,21.4500,21.1100,11069893,235938475.0000,4.229185,1.610612,1,0
2017-05-04,sh.600926,21.3300,21.9800,21.0700,21.6800,21.4500,17482898,378158064.0000,6.679235,1.072259,1,0
2017-05-05,sh.600926,21.5000,22.0800,21.4200,21.6000,21.6800,16265729,354151312.0000,6.214223,-0.369003,1,0
2017-05-08,sh.600926,21.5000,22.0000,21.4000,21.5900,21.6000,11882886,258208012.0000,4.539785,-0.046297,1,0
2017-05-09,sh.600926,21.6000,23.3600,21.6000,22.8500,21.5900,44592589,1011347440.0000,17.036328,5.836036,1,0
2017-05-10,sh.600926,22.5900,24.4400,22.4200,23.2200,22.8500,60624104,1416611648.0000,23.161071,1.619251,1,0
2017-05-11,sh.600926,22.8500,23.1800,22.2100,22.6200,23.2200,34631898,785402480.0000,13.230907,-2.583973,1,0
2017-05-12,sh.600926,22.5500,23.8000,22.5200,23.7000,22.6200,45196812,1056197856.0000,17.267168,4.774536,1,0
2017-05-15,sh.600926,23.4600,23.9900,23.2600,23.5600,23.7000,29682031,698290704.0000,11.339840,-0.590723,1,0
2017-05-16,sh.600926,23.3700,23.4500,22.6800,23.3000,23.5600,27522224,633976736.0000,10.514699,-1.103566,1,0
2017-05-17,sh.600926,23.1000,23.1500,22.6200,22.8500,23.3000,25389041,580382720.0000,9.699729,-1.931326,1,0
2017-05-18,sh.600926,22.6600,22.9800,21.9000,22.0600,22.8500,28768808,644024016.0000,10.990949,-3.457334,1,0
2017-05-19,sh.600926,21.9600,22.1800,21.4800,21.6200,22.0600,20782400,451918880.0000,7.939790,-1.994554,1,0
2017-05-22,sh.600926,21.5100,21.8800,21.2300,21.5600,21.6200,12677687,273647936.0000,4.843433,-0.277527,1,0
2017-05-23,sh.600926,21.5600,22.1000,21.4300,21.6800,21.5600,17318342,377048512.0000,6.616368,0.556590,1,0
2017-05-24,sh.600926,21.4900,21.4900,20.0000,20.5400,21.6800,22791795,468093744.0000,8.707467,-5.258300,1,0
2017-05-25,sh.600926,20.5200,21.2000,20.4000,21.1100,20.5400,20321718,425503616.0000,7.763789,2.775071,1,0
2017-05-26,sh.600926,20.9500,21.1900,20.9100,20.9400,21.1100,11146827,234173922.0000,4.258578,-0.805306,1,0
2017-05-31,sh.600926,21.3200,21.7800,21.2100,21.3500,20.9400,15392450,330868000.0000,5.880592,1.957974,1,0
2017-06-01,sh.600926,21.2400,21.9400,21.2200,21.6000,21.3500,16328667,353963872.0000,6.238268,1.170960,1,0
2017-06-02,sh.600926,21.6300,22.3000,21.6000,22.2900,21.6000,27109610,597302256.0000,10.357062,3.194447,1,0
2017-06-05,sh.600926,22.1500,22.3700,21.8500,22.0700,22.2900,15590674,343714448.0000,5.956322,-0.986995,1,0
2017-06-06,sh.600926,15.6000,15.6900,15.2300,15.4400,15.5500,11749840,181119562.0000,3.206397,-0.707399,1,0
2017-06-07,sh.600926,15.2600,15.7900,15.1900,15.6900,15.4400,29704250,462626016.0000,8.105949,1.619171,1,0
2017-06-08,sh.600926,15.6000,15.6800,15.3700,15.5900,15.6900,20757074,321673056.0000,5.664367,-0.637345,1,0
2017-06-09,sh.600926,15.5600,15.6800,15.4000,15.4900,15.5900,17331708,269445904.0000,4.729624,-0.641439,1,0
2017-06-12,sh.600926,15.4000,15.6700,15.3000,15.3600,15.4900,14827122,229693168.0000,4.046151,-0.839252,1,0
2017-06-13,sh.600926,15.3000,15.4500,15.2300,15.3800,15.3600,11758980,180165902.0000,3.208891,0.130211,1,0
2017-06-14,sh.600926,15.3400,15.3900,15.0100,15.0300,15.3800,17076763,258336207.0000,4.660053,-2.275685,1,0
2017-06-15,sh.600926,15.0400,15.2400,15.0000,15.1400,15.0300,13280208,200808961.0000,3.624016,0.731874,1,0
2017-06-16,sh.600926,15.0800,15.1400,14.9400,14.9500,15.1400,11857935,178054063.0000,3.235894,-1.254957,1,0
2017-06-19,sh.600926,14.9900,15.0700,14.9300,15.0100,14.9500,7509608,112634898.0000,2.049286,0.401341,1,0
2017-06-20,sh.600926,15.0300,15.0500,14.9400,15.0200,15.0100,7077055,106093390.0000,1.931247,0.066624,1,0
2017-06-21,sh.600926,15.0900,15.1200,14.9600,15.0200,15.0200,7568714,113634054.0000,2.065415,0.000000,1,0
2017-06-22,sh.600926,15.0000,15.4700,14.9500,15.1600,15.0200,28911296,441143552.0000,7.889561,0.932087,1,0
2017-06-23,sh.600926,15.0400,15.1200,14.7100,14.9500,15.1600,21349444,317732656.0000,5.826018,-1.385224,1,0
2017-06-26,sh.600926,14.8800,15.0300,14.8000,14.9900,14.9500,9492547,141886177.0000,2.590407,0.267558,1,0
2017-06-27,sh.600926,14.9300,15.0100,14.8800,14.9700,14.9900,10023846,149746128.0000,2.735393,-0.133419,1,0
2017-06-28,sh.600926,14.9100,15.1600,14.8700,15.0500,14.9700,13190574,197974065.0000,3.599556,0.534402,1,0
2017-06-29,sh.600926,15.0000,15.0500,14.9200,14.9800,15.0500,8754261,130999636.0000,2.388937,-0.465121,1,0
2017-06-30,sh.600926,14.9600,14.9600,14.8100,14.8500,14.9800,7863332,116880208.0000,2.145813,-0.867818,1,0
2017-07-03,sh.600926,14.8600,14.9000,14.8000,14.8800,14.8500,5357854,79583226.0000,1.462097,0.202018,1,0
2017-07-04,sh.600926,14.8500,14.8800,14.7100,14.7500,14.8800,8100064,119644831.0000,2.210415,-0.873657,1,0
2017-07-05,sh.600926,14.7500,14.7800,14.6200,14.7600,14.7500,8226589,120954080.0000,2.244942,0.067798,1,0
2017-07-06,sh.600926,14.7500,14.7500,14.6500,14.6900,14.7600,7003612,102894433.0000,1.911205,-0.474259,1,0
2017-07-07,sh.600926,14.6900,14.7500,14.6500,14.7400,14.6900,7186948,105597263.0000,1.961236,0.340369,1,0
2017-07-10,sh.600926,14.7000,14.7000,14.6000,14.6200,14.7400,7529527,110143503.0000,2.054722,-0.814110,1,0
2017-07-11,sh.600926,14.6100,14.9200,14.5700,14.7500,14.6200,18272406,270087696.0000,4.986330,0.889194,1,0
2017-07-12,sh.600926,14.7600,15.0200,14.7100,14.9200,14.7500,22200071,330676944.0000,6.058145,1.152543,1,0
2017-07-13,sh.600926,14.8600,15.1300,14.8300,15.1000,14.9200,18726760,280852064.0000,5.110318,1.206436,1,0
2017-07-14,sh.600926,15.1100,15.2000,14.9200,15.0100,15.1000,16220874,244182435.0000,4.426490,-0.596028,1,0
2017-07-17,sh.600926,15.0600,15.6900,14.7000,15.3200,15.0100,46881265,717842000.0000,12.793359,2.065286,1,0
2017-07-18,sh.600926,15.1300,15.3100,15.0200,15.2700,15.3200,20246712,307111504.0000,5.525095,-0.326366,1,0
2017-07-19,sh.600926,15.1800,15.6500,15.1700,15.6200,15.2700,33930306,526581472.0000,9.259191,2.292072,1,0
2017-07-20,sh.600926,15.6000,15.6000,15.4000,15.4900,15.6200,20919387,323944016.0000,5.708661,-0.832267,1,0
2017-07-21,sh.600926,15.4900,15.5600,15.1900,15.2600,15.4900,16428703,252085350.0000,4.483205,-1.484826,1,0
2017-07-24,sh.600926,15.1900,15.5000,15.1100,15.4000,15.2600,15203551,232489709.0000,4.148875,0.917427,1,0
2017-07-25,sh.600926,15.3200,15.4300,15.0700,15.1000,15.4000,14341566,218411760.0000,3.913649,-1.948047,1,0
2017-07-26,sh.600926,15.0600,15.2600,14.9100,14.9800,15.1000,12870553,193587478.0000,3.512226,-0.794708,1,0
2017-07-27,sh.600926,14.9300,15.0000,14.7600,14.9900,14.9800,12942873,192547412.0000,3.531962,0.066757,1,0
2017-07-28,sh.600926,14.8900,15.0400,14.8400,14.8900,14.9900,7806243,116393508.0000,2.130234,-0.667108,1,0
2017-07-31,sh.600926,14.8800,14.8800,14.7100,14.8500,14.8900,9927671,146941080.0000,2.709147,-0.268636,1,0
2017-08-01,sh.600926,14.8100,15.3500,14.7700,15.1300,14.8500,20606144,311655344.0000,5.623180,1.885520,1,0
2017-08-02,sh.600926,15.0100,15.2200,14.9400,15.1000,15.1300,15827087,238634597.0000,4.319030,-0.198280,1,0
2017-08-03,sh.600926,15.0600,15.1200,14.8800,14.9100,15.1000,10428147,156209171.0000,2.845722,-1.258282,1,0
2017-08-04,sh.600926,14.8900,14.9700,14.7700,14.7900,14.9100,9798746,145517434.0000,2.673965,-0.804828,1,0
2017-08-07,sh.600926,14.7400,14.9200,14.7400,14.8600,14.7900,6354200,94207581.0000,1.733988,0.473291,1,0
2017-08-08,sh.600926,14.8300,14.8500,14.7600,14.8100,14.8600,5872881,86890686.0000,1.602642,-0.336469,1,0
2017-08-09,sh.600926,14.8000,14.8200,14.6400,14.6600,14.8100,9841638,144830138.0000,2.685670,-1.012833,1,0
2017-08-10,sh.600926,14.6900,14.8800,14.6500,14.7000,14.6600,8662000,127744242.0000,2.363760,0.272851,1,0
2017-08-11,sh.600926,14.6700,14.7900,14.3900,14.4200,14.7000,14301637,208158560.0000,3.902753,-1.904760,1,0
2017-08-14,sh.600926,14.3900,14.4700,14.3400,14.4600,14.4200,7115252,102561130.0000,1.941671,0.277392,1,0
2017-08-15,sh.600926,14.4600,14.7000,14.4500,14.5500,14.4600,7469715,108971997.0000,2.038400,0.622408,1,0
2017-08-16,sh.600926,14.5500,14.6000,14.3700,14.5000,14.5500,6754037,97743845.0000,1.843099,-0.343644,1,0
2017-08-17,sh.600926,14.4800,14.6400,14.4400,14.6000,14.5000,7859614,114166343.0000,2.144798,0.689658,1,0
2017-08-18,sh.600926,14.5400,14.7400,14.5100,14.6100,14.6000,9270002,135766924.0000,2.529677,0.068488,1,0
2017-08-21,sh.600926,14.6200,14.6800,14.5100,14.6200,14.6100,5652979,82372574.0000,1.542633,0.068448,1,0
2017-08-22,sh.600926,14.6200,14.6600,14.5300,14.5600,14.6200,5475706,79854806.0000,1.494257,-0.410393,1,0
2017-08-23,sh.600926,14.5600,14.7600,14.5300,14.6800,14.5600,10421176,152683951.0000,2.843819,0.824175,1,0
2017-08-24,sh.600926,14.6800,14.7000,14.4900,14.5000,14.6800,7663804,111649408.0000,2.091364,-1.226160,1,0
2017-08-25,sh.600926,14.5000,14.7000,14.4700,14.6700,14.5000,9978364,145898797.0000,2.722981,1.172414,1,0
2017-08-28,sh.600926,14.6500,15.3300,14.6100,15.0900,14.6700,29838497,447237248.0000,8.142583,2.862986,1,0
2017-08-29,sh.600926,15.0100,15.0600,14.8800,14.9100,15.0900,13471611,201197625.0000,3.676248,-1.192845,1,0
2017-08-30,sh.600926,14.9000,15.0500,14.8400,14.8600,14.9100,9939745,148369516.0000,2.712442,-0.335347,1,0
2017-08-31,sh.600926,14.8500,15.0400,14.8100,14.9500,14.8600,9582824,143018897.0000,2.615043,0.605654,1,0
2017-09-01,sh.600926,14.9000,14.9700,14.8100,14.8900,14.9500,8889909,132104690.0000,2.425954,-0.401334,1,0
2017-09-04,sh.600926,14.8200,14.8700,14.7100,14.7900,14.8900,9565887,141269279.0000,2.610421,-0.671594,1,0
2017-09-05,sh.600926,14.7900,14.8800,14.7200,14.7900,14.7900,8113900,120154109.0000,2.214190,0.000000,1,0
2017-09-06,sh.600926,14.7500,14.8400,14.6600,14.8200,14.7900,8335671,122897051.0000,2.274709,0.202838,1,0
2017-09-07,sh.600926,14.7800,14.8200,14.7000,14.7100,14.8200,5466406,80627818.0000,1.491719,-0.742238,1,0
2017-09-08,sh.600926,14.6800,14.7500,14.6400,14.6900,14.7100,4843342,71134082.0000,1.321692,-0.135965,1,0
2017-09-11,sh.600926,14.7100,14.7400,14.6500,14.7100,14.6900,5549483,81507724.0000,1.514390,0.136150,1,0
2017-09-12,sh.600926,14.7200,14.7200,14.5700,14.6100,14.7100,8552714,125090089.0000,2.333938,-0.679812,1,0
2017-09-13,sh.600926,14.6100,14.6900,14.5000,14.5700,14.6100,10249380,149254627.0000,2.796938,-0.273785,1,0
2017-09-14,sh.600926,14.5400,14.5700,14.4800,14.4900,14.5700,9019090,130871051.0000,2.461206,-0.549073,1,0
2017-09-15,sh.600926,14.4600,14.5600,14.4600,14.5300,14.4900,5068325,73589646.0000,1.383088,0.276052,1,0
2017-09-18,sh.600926,14.5300,14.5600,14.4800,14.5500,14.5300,5410570,78578894.0000,1.476482,0.137649,1,0
2017-09-19,sh.600926,14.5600,14.6900,14.5300,14.5900,14.5500,7716443,112717449.0000,2.105729,0.274914,1,0
2017-09-20,sh.600926,14.5700,14.6000,14.5000,14.5700,14.5900,5499855,79951273.0000,1.500847,-0.137083,1,0
2017-09-21,sh.600926,14.5500,14.6400,14.5100,14.5200,14.5700,5850714,85149058.0000,1.596593,-0.343166,1,0
2017-09-22,sh.600926,14.5100,14.5600,14.4800,14.4800,14.5200,5681661,82397420.0000,1.550460,-0.275488,1,0
2017-09-25,sh.600926,14.4600,14.4700,14.2400,14.2400,14.4800,9581654,137531546.0000,2.614723,-1.657457,1,0
2017-09-26,sh.600926,14.2600,14.3000,14.1000,14.1500,14.2400,6993319,99153004.0000,1.908397,-0.632023,1,0
2017-09-27,sh.600926,14.1200,14.1500,14.0200,14.1100,14.1500,6750084,94982178.0000,1.842020,-0.282685,1,0
2017-09-28,sh.600926,14.1100,14.1300,13.9900,14.0000,14.1100,5420759,76159664.0000,1.479263,-0.779586,1,0
2017-09-29,sh.600926,13.9900,14.0900,13.8800,13.9300,14.0000,8399707,117401650.0000,2.292184,-0.499998,1,0
2017-10-09,sh.600926,14.2200,14.2900,13.9600,13.9900,13.9300,10103064,142365640.0000,2.757010,0.430721,1,0
2017-10-10,sh.600926,13.9500,13.9700,13.8100,13.9700,13.9900,9015760,125212940.0000,2.460297,-0.142956,1,0
2017-10-11,sh.600926,13.9500,13.9700,13.8900,13.9500,13.9700,4380450,61034513.0000,1.195375,-0.143167,1,0
2017-10-12,sh.600926,13.9200,13.9400,13.8500,13.8700,13.9500,4500060,62508094.0000,1.228015,-0.573476,1,0
2017-10-13,sh.600926,13.8600,13.9500,13.8500,13.9400,13.8700,4377356,60928503.0000,1.194530,0.504684,1,0
2017-10-16,sh.600926,13.9400,13.9800,13.8700,13.9500,13.9400,7341689,102374769.0000,2.003463,0.071738,1,0
2017-10-17,sh.600926,13.9500,13.9500,13.8800,13.9000,13.9500,3709838,51569501.0000,1.012372,-0.358424,1,0
2017-10-18,sh.600926,13.9100,13.9300,13.7500,13.7700,13.9000,5324640,73723952.0000,1.453033,-0.935246,1,0
2017-10-19,sh.600926,13.7600,13.7600,13.3600,13.3700,13.7700,11491822,154835408.0000,3.135986,-2.904870,1,0
2017-10-20,sh.600926,13.3100,13.4000,13.3100,13.3800,13.3700,3947314,52750762.0000,1.077177,0.074796,1,0
2017-10-23,sh.600926,13.3600,13.3600,13.2100,13.2300,13.3800,7614141,100944789.0000,2.077812,-1.121081,1,0
2017-10-24,sh.600926,13.1500,13.1800,12.9700,12.9700,13.2300,11510179,150159864.0000,3.140996,-1.965225,1,0
2017-10-25,sh.600926,12.9700,13.1300,12.8600,13.0500,12.9700,8381958,108922776.0000,2.287340,0.616807,1,0
2017-10-26,sh.600926,12.9700,13.0200,12.9100,12.9900,13.0500,8056684,104566807.0000,2.198577,-0.459773,1,0
2017-10-27,sh.600926,12.8000,13.2700,12.7100,13.0900,12.9900,24431734,317159565.0000,1.666947,0.769826,1,0
2017-10-30,sh.600926,13.0000,13.0600,12.7300,12.8300,13.0900,14888449,191611310.0000,1.015821,-1.986251,1,0
2017-10-31,sh.600926,12.8400,12.8900,12.7400,12.8600,12.8300,8091037,103699560.0000,0.552042,0.233825,1,0
2017-11-01,sh.600926,12.8700,13.0200,12.8100,12.9600,12.8600,9424808,121940241.0000,0.643043,0.777608,1,0
2017-11-02,sh.600926,12.9600,13.0900,12.8700,13.0700,12.9600,11916098,155218082.0000,0.813021,0.848763,1,0
2017-11-03,sh.600926,13.0700,13.0800,12.8600,12.9300,13.0700,8690058,112473618.0000,0.592912,-1.071151,1,0
2017-11-06,sh.600926,12.8900,12.9400,12.8000,12.9300,12.9300,5431142,69812957.0000,0.370560,0.000000,1,0
2017-11-07,sh.600926,12.9000,13.1600,12.8400,13.1000,12.9300,14420754,188349675.0000,0.983910,1.314772,1,0
2017-11-08,sh.600926,13.0700,13.1500,13.0400,13.0700,13.1000,11289335,147768212.0000,0.770257,-0.229013,1,0
2017-11-09,sh.600926,13.0500,13.1200,13.0200,13.0800,13.0700,6001750,78424770.0000,0.409492,0.076513,1,0
2017-11-10,sh.600926,13.0800,13.0800,12.9200,12.9400,13.0800,7474198,96897581.0000,0.509955,-1.070339,1,0
2017-11-13,sh.600926,12.9300,13.4000,12.9100,13.1500,12.9400,26359574,348313087.0000,1.798481,1.622875,1,0
2017-11-14,sh.600926,13.1600,13.1600,12.9000,12.9600,13.1500,12604572,163608372.0000,0.859994,-1.444864,1,0
2017-11-15,sh.600926,12.9100,13.0500,12.8900,12.9200,12.9600,6561575,85042717.0000,0.447688,-0.308642,1,0
2017-11-16,sh.600926,12.8700,12.8700,12.3100,12.3200,12.9200,24248842,302528699.0000,1.654469,-4.643966,1,0
2017-11-17,sh.600926,12.2000,12.4700,12.2000,12.2700,12.3200,12500664,154194540.0000,0.852905,-0.405838,1,0
2017-11-20,sh.600926,12.1000,12.2800,12.0300,12.2000,12.2700,11686409,142315705.0000,0.797349,-0.570502,1,0
2017-11-21,sh.600926,12.2000,12.4300,12.1600,12.2700,12.2000,18554049,227800232.0000,1.265920,0.573776,1,0
2017-11-22,sh.600926,12.3000,12.4000,12.2300,12.2900,12.2700,18945258,233357655.0000,1.292612,0.162995,1,0
2017-11-23,sh.600926,12.2900,12.2900,11.8800,11.8900,12.2900,17149408,207541264.0000,1.170083,-3.254675,1,0
2017-11-24,sh.600926,11.9100,12.0400,11.8300,11.8800,11.8900,8320090,99048659.0000,0.567670,-0.084106,1,0
2017-11-27,sh.600926,11.8500,11.8600,11.6000,11.6200,11.8800,10704211,125131946.0000,0.730335,-2.188554,1,0
2017-11-28,sh.600926,11.6900,11.8600,11.5600,11.8200,11.6200,8958363,105141149.0000,0.611218,1.721169,1,0
2017-11-29,sh.600926,11.8000,12.1500,11.6800,11.9800,11.8200,16740325,199557009.0000,1.142172,1.353637,1,0
2017-11-30,sh.600926,11.8500,12.1300,11.8300,12.0400,11.9800,16840361,202065931.0000,1.148997,0.500838,1,0
2017-12-01,sh.600926,12.0100,12.0700,11.9200,11.9600,12.0400,10261332,123049593.0000,0.700118,-0.664451,1,0
2017-12-04,sh.600926,11.9700,11.9900,11.7900,11.8200,11.9600,6551541,77813708.0000,0.447004,-1.170571,1,0
2017-12-05,sh.600926,11.8300,11.9600,11.7100,11.7900,11.8200,10391766,122984006.0000,0.709017,-0.253805,1,0
2017-12-06,sh.600926,11.7900,11.7900,11.6400,11.7200,11.7900,8495708,99354179.0000,0.579652,-0.593721,1,0
2017-12-07,sh.600926,11.7300,11.8000,11.6900,11.7400,11.7200,7087527,83264579.0000,0.483573,0.170644,1,0
2017-12-08,sh.600926,11.7400,11.8200,11.7200,11.7900,11.7400,8818461,103942834.0000,0.601673,0.425896,1,0
2017-12-11,sh.600926,11.8000,11.8500,11.7200,11.8000,11.7900,14669491,173028518.0000,1.000881,0.084820,1,0
2017-12-12,sh.600926,11.8000,11.8000,11.5700,11.6300,11.8000,10230109,119587214.0000,0.697988,-1.440679,1,0
2017-12-13,sh.600926,11.6000,11.6600,11.5500,11.6000,11.6300,9118911,105825353.0000,0.622172,-0.257951,1,0
2017-12-14,sh.600926,11.6000,11.6500,11.5600,11.5900,11.6000,7826308,90758269.0000,0.533979,-0.086209,1,0
2017-12-15,sh.600926,11.5600,11.5900,11.4500,11.4600,11.5900,7231712,83276077.0000,0.493411,-1.121657,1,0
2017-12-18,sh.600926,11.4800,11.5500,11.4000,11.4100,11.4600,6098760,69908284.0000,0.416111,-0.436302,1,0
2017-12-19,sh.600926,11.4100,11.6000,11.3900,11.4500,11.4100,18293504,209847275.0000,1.248143,0.350569,1,0
2017-12-20,sh.600926,11.4500,11.4700,11.2200,11.2300,11.4500,12810305,145327633.0000,0.874031,-1.921400,1,0
2017-12-21,sh.600926,11.2200,11.2700,11.1500,11.2100,11.2300,12773500,143165586.0000,0.871520,-0.178090,1,0
2017-12-22,sh.600926,11.2000,11.2000,11.0800,11.0900,11.2100,9472680,105598881.0000,0.646309,-1.070472,1,0
2017-12-25,sh.600926,11.0500,11.2100,11.0300,11.1900,11.0900,13517958,150603962.0000,0.922314,0.901708,1,0
2017-12-26,sh.600926,11.1600,11.8800,11.1200,11.6200,11.1900,33535200,389423288.0000,2.288065,3.842720,1,0
2017-12-27,sh.600926,11.5700,11.8800,11.4700,11.6700,11.6200,31020089,363556637.0000,2.116463,0.430294,1,0
2017-12-28,sh.600926,11.6100,11.8700,11.5200,11.7000,11.6700,24167132,283139382.0000,1.648894,0.257067,1,0
2017-12-29,sh.600926,11.6700,11.7400,11.5100,11.5300,11.7000,15695651,182125662.0000,1.070895,-1.452992,1,0
2018-01-02,sh.600926,11.6200,11.7900,11.5400,11.6500,11.5300,18414408,215148275.0000,1.256392,1.040762,1,0
2018-01-03,sh.600926,11.6600,11.7700,11.5700,11.7200,11.6500,24475073,285242672.0000,1.669904,0.600864,1,0
2018-01-04,sh.600926,11.7000,12.0100,11.6300,11.9400,11.7200,39266517,465346115.0000,2.679106,1.877127,1,0
2018-01-05,sh.600926,11.8500,11.9300,11.7700,11.8800,11.9400,21409667,253807621.0000,1.460755,-0.502508,1,0
2018-01-08,sh.600926,11.8600,11.9200,11.7800,11.8800,11.8800,17478879,207338509.0000,1.192562,0.000000,1,0
2018-01-09,sh.600926,11.8200,11.9800,11.8100,11.8500,11.8800,12060003,143215627.0000,0.822839,-0.252523,1,0
2018-01-10,sh.600926,11.8000,11.9500,11.7200,11.8400,11.8500,24001560,284108790.0000,1.637597,-0.084390,1,0
2018-01-11,sh.600926,11.7800,11.8600,11.6900,11.7300,11.8400,14953060,175598358.0000,1.020229,-0.929059,1,0
2018-01-12,sh.600926,11.7300,11.8000,11.6600,11.6700,11.7300,9352860,109615968.0000,0.638134,-0.511504,1,0
2018-01-15,sh.600926,11.6600,11.8400,11.5800,11.6900,11.6700,20190624,236603550.0000,1.377581,0.171375,1,0
2018-01-16,sh.600926,11.6600,11.9700,11.6200,11.9600,11.6900,26901629,318007219.0000,1.835465,2.309670,1,0
2018-01-17,sh.600926,12.1500,12.5500,12.1200,12.2400,11.9600,55081584,676766622.0000,3.758149,2.341135,1,0
2018-01-18,sh.600926,12.1400,12.4900,12.1400,12.4400,12.2400,43069280,531353175.0000,2.938564,1.633985,1,0
2018-01-19,sh.600926,12.5300,13.3600,12.5200,12.9000,12.4400,95977726,1237416026.0000,6.548442,3.697750,1,0
2018-01-22,sh.600926,12.7800,12.8600,12.4500,12.6000,12.9000,48048597,608462782.0000,3.278297,-2.325576,1,0
2018-01-23,sh.600926,12.5100,13.1000,12.4200,12.9300,12.6000,53747939,691107380.0000,3.667156,2.619047,1,0
2018-01-24,sh.600926,12.9000,13.2800,12.8200,12.9300,12.9300,45036347,586123760.0000,3.072775,0.000000,1,0
2018-01-25,sh.600926,12.8600,12.8600,12.5300,12.6300,12.9300,37203014,470870742.0000,2.538316,-2.320187,1,0
2018-01-26,sh.600926,12.6200,12.8500,12.5700,12.7400,12.6300,26845366,341448122.0000,1.831626,0.870939,1,0
2018-01-29,sh.600926,12.7100,13.0500,12.6700,12.7800,12.7400,42088664,541319912.0000,2.871658,0.313972,1,0
2018-01-30,sh.600926,12.7500,12.7500,12.4300,12.5200,12.7800,26471366,332516732.0000,1.806109,-2.034423,1,0
2018-01-31,sh.600926,12.4100,12.6000,12.3100,12.5200,12.5200,22866095,285256313.0000,1.560126,0.000000,1,0
2018-02-01,sh.600926,12.5000,12.6000,12.0500,12.1500,12.5200,32122511,395014335.0000,2.191679,-2.955278,1,0
2018-02-02,sh.600926,12.1000,12.3700,11.9300,12.3400,12.1500,19907598,242512884.0000,1.358271,1.563790,1,0
2018-02-05,sh.600926,12.2100,13.0000,12.1600,12.9500,12.3400,50363397,641241588.0000,3.436233,4.943271,1,0
2018-02-06,sh.600926,12.7900,13.2000,12.4400,12.4700,12.9500,49512812,634911585.0000,3.378198,-3.706560,1,0
2018-02-07,sh.600926,12.7100,13.0300,12.5100,12.6000,12.4700,49493884,630552645.0000,3.376907,1.042503,1,0
2018-02-08,sh.600926,12.5300,12.5300,12.0500,12.2000,12.6000,32750684,401724107.0000,2.234539,-3.174608,1,0
2018-02-09,sh.600926,11.8900,11.9600,11.2300,11.3700,12.2000,36894010,425639822.0000,2.517233,-6.803278,1,0
2018-02-12,sh.600926,11.4000,11.5900,11.3500,11.4500,11.3700,16157554,184839889.0000,1.102410,0.703605,1,0
2018-02-13,sh.600926,11.5300,11.8800,11.5300,11.6500,11.4500,20440937,239234108.0000,1.394660,1.746723,1,0
2018-02-14,sh.600926,11.6900,11.7300,11.5400,11.7100,11.6500,11053673,128809838.0000,0.754179,0.515025,1,0
2018-02-22,sh.600926,11.8500,11.9000,11.7600,11.8400,11.7100,15375375,181766217.0000,1.049013,1.110163,1,0
2018-02-23,sh.600926,11.8000,11.9000,11.7100,11.8800,11.8400,13921051,164518712.0000,0.949789,0.337838,1,0
2018-02-26,sh.600926,11.9000,12.1200,11.8100,12.0400,11.8800,20675850,247612344.0000,1.410647,1.346800,1,0
2018-02-27,sh.600926,11.9900,12.0500,11.7600,11.8000,12.0400,16171401,192368355.0000,1.103323,-1.993354,1,0
2018-02-28,sh.600926,11.7200,11.7800,11.6100,11.7500,11.8000,13952822,163208298.0000,0.951957,-0.423730,1,0
2018-03-01,sh.600926,11.6700,11.8200,11.6300,11.7900,11.7500,11170924,131285589.0000,0.762157,0.340425,1,0
2018-03-02,sh.600926,11.6900,11.8300,11.6100,11.6900,11.7900,13403183,156836179.0000,0.914456,-0.848180,1,0
2018-03-05,sh.600926,11.6800,11.7500,11.5900,11.6400,11.6900,8826297,102731702.0000,0.602190,-0.427710,1,0
2018-03-06,sh.600926,11.6900,11.7600,11.5600,11.7500,11.6400,15695592,183119996.0000,1.070860,0.945014,1,0
2018-03-07,sh.600926,11.8600,11.9400,11.7000,11.7300,11.7500,19678745,233268513.0000,1.342618,-0.170217,1,0
2018-03-08,sh.600926,11.7300,11.7600,11.6600,11.7200,11.7300,10414235,121864799.0000,0.710530,-0.085245,1,0
2018-03-09,sh.600926,11.7200,11.8700,11.6800,11.8400,11.7200,14219532,167381839.0000,0.970153,1.023890,1,0
2018-03-12,sh.600926,11.8800,11.9500,11.8000,11.9100,11.8400,17262992,205168586.0000,1.177799,0.591214,1,0
2018-03-13,sh.600926,11.9000,12.0300,11.8100,11.8200,11.9100,17062903,203440751.0000,1.164148,-0.755669,1,0
2018-03-14,sh.600926,11.7600,11.7900,11.6400,11.6700,11.8200,13087225,153199008.0000,0.892900,-1.269032,1,0
2018-03-15,sh.600926,11.6000,11.7000,11.5700,11.6000,11.6700,10230557,118816575.0000,0.697998,-0.599826,1,0
2018-03-16,sh.600926,11.6300,11.6800,11.5600,11.5700,11.6000,7391072,85932206.0000,0.504259,-0.258627,1,0
2018-03-19,sh.600926,11.5700,11.6100,11.5100,11.5700,11.5700,6976940,80637403.0000,0.476005,0.000000,1,0
2018-03-20,sh.600926,11.5300,11.6200,11.4800,11.5900,11.5700,7467015,86251059.0000,0.509440,0.172865,1,0
2018-03-21,sh.600926,11.6200,11.7300,11.5400,11.5800,11.5900,9077783,105820235.0000,0.619335,-0.086283,1,0
2018-03-22,sh.600926,11.5900,11.6100,11.4500,11.5100,11.5800,8734888,100596466.0000,0.595941,-0.604488,1,0
2018-03-23,sh.600926,11.2900,11.3600,10.9400,11.0700,11.5100,22551935,252254971.0000,1.538615,-3.822767,1,0
2018-03-26,sh.600926,10.9900,11.0600,10.8200,11.0500,11.0700,10629469,116366378.0000,0.725200,-0.180664,1,0
2018-03-27,sh.600926,11.1500,11.1900,11.0700,11.1400,11.0500,9800665,108987450.0000,0.668654,0.814481,1,0
2018-03-28,sh.600926,11.0200,11.4200,11.0200,11.2300,11.1400,12871798,144966408.0000,0.878184,0.807892,1,0
2018-03-29,sh.600926,11.1900,11.3800,11.1400,11.3300,11.2300,11374786,128214206.0000,0.776049,0.890475,1,0
2018-03-30,sh.600926,11.3200,11.3800,11.2400,11.2900,11.3300,8545836,96459748.0000,0.583043,-0.353045,1,0
2018-04-02,sh.600926,11.3000,11.3500,11.2300,11.2800,11.2900,9241034,104340034.0000,0.630473,-0.088576,1,0
2018-04-03,sh.600926,11.1600,11.2200,11.0700,11.0800,11.2800,9338767,103889352.0000,0.637141,-1.773048,1,0
2018-04-04,sh.600926,11.1300,11.2300,11.1000,11.1200,11.0800,8375075,93443615.0000,0.571393,0.361011,1,0
2018-04-09,sh.600926,11.0900,11.1700,11.0400,11.1600,11.1200,6495466,72129535.0000,0.443156,0.359712,1,0
2018-04-10,sh.600926,11.1700,11.4000,11.1400,11.3900,11.1600,13710823,155035024.0000,0.935426,2.060936,1,0
2018-04-11,sh.600926,11.4400,11.5400,11.3500,11.4500,11.3900,17129777,196165476.0000,1.168686,0.526773,1,0
2018-04-12,sh.600926,11.4100,11.5000,11.3500,11.4400,11.4500,10970762,125249111.0000,0.748485,-0.087338,1,0
2018-04-13,sh.600926,11.5100,11.5100,11.3100,11.3200,11.4400,7758628,88432909.0000,0.529336,-1.048950,1,0
2018-04-16,sh.600926,11.2600,11.2900,11.1000,11.1000,11.3200,9536401,106508252.0000,0.650625,-1.943457,1,0
2018-04-17,sh.600926,11.1100,11.2100,11.0700,11.0900,11.1000,6724824,74866469.0000,0.458804,-0.090092,1,0
2018-04-18,sh.600926,11.2600,11.2700,11.0500,11.1500,11.0900,8036797,89621753.0000,0.548314,0.541023,1,0
2018-04-19,sh.600926,11.1200,11.2700,11.1100,11.2100,11.1500,7798078,87145542.0000,0.532027,0.538120,1,0
2018-04-20,sh.600926,11.1900,11.2000,10.9900,11.0100,11.2100,7897038,87363899.0000,0.538779,-1.784120,1,0
2018-04-23,sh.600926,11.0200,11.1200,11.0000,11.0900,11.0100,4798337,53082875.0000,0.325503,0.726611,1,0
2018-04-24,sh.600926,11.1000,11.2900,11.0900,11.2100,11.0900,11177216,125441055.0000,0.758225,1.082055,1,0
2018-04-25,sh.600926,11.1600,11.2100,11.1000,11.1000,11.2100,7091698,79048168.0000,0.481077,-0.981264,1,0
2018-04-26,sh.600926,11.1300,11.1600,11.0100,11.0400,11.1000,5916660,65497836.0000,0.401366,-0.540544,1,0
2018-04-27,sh.600926,11.2300,11.4200,11.1800,11.4000,11.0400,23028080,260296249.0000,1.562148,3.260867,1,0
2018-05-02,sh.600926,11.5500,11.5600,11.4100,11.5000,11.4000,20620146,236944069.0000,1.398801,0.877196,1,0
2018-05-03,sh.600926,11.4600,11.5500,11.3800,11.5000,11.5000,10079613,115545567.0000,0.683767,0.000000,1,0
2018-05-04,sh.600926,11.4500,11.4900,11.3000,11.3700,11.5000,8630272,98568860.0000,0.585449,-1.130436,1,0
2018-05-07,sh.600926,11.3800,11.5600,11.3800,11.5200,11.3700,10094989,116038358.0000,0.684810,1.319266,1,0
2018-05-08,sh.600926,11.4900,11.6400,11.4700,11.5700,11.5200,10932209,126515071.0000,0.741604,0.434021,1,0
2018-05-09,sh.600926,11.5800,11.6800,11.5300,11.6400,11.5700,10010219,116211398.0000,0.679060,0.605019,1,0
2018-05-10,sh.600926,11.6200,11.6800,11.4900,11.5800,11.6400,9101951,105362504.0000,0.617446,-0.515467,1,0
2018-05-11,sh.600926,11.6100,11.6700,11.5300,11.5600,11.5800,7713888,89492004.0000,0.523284,-0.172707,1,0
2018-05-14,sh.600926,11.5100,11.7800,11.5100,11.6900,11.5600,13445685,156870971.0000,0.912110,1.124560,1,0
2018-05-15,sh.600926,11.7400,11.8400,11.6600,11.7500,11.6900,12092344,141938007.0000,0.820304,0.513263,1,0
2018-05-16,sh.600926,11.7200,11.7400,11.6000,11.6000,11.7500,8129436,94865253.0000,0.551474,-1.276592,1,0
2018-05-17,sh.600926,11.6200,11.7500,11.5800,11.7200,11.6000,8007602,93282580.0000,0.543209,1.034482,1,0
2018-05-18,sh.600926,11.6900,11.8600,11.6600,11.8500,11.7200,11683251,137761083.0000,0.792523,1.109216,1,0
2018-05-21,sh.600926,11.9300,11.9500,11.8200,11.8900,11.8500,11444835,136093759.0000,0.776350,0.337552,1,0
2018-05-22,sh.600926,11.8800,11.8900,11.7900,11.8700,11.8900,8363164,98972904.0000,0.567308,-0.168212,1,0
2018-05-23,sh.600926,11.8500,11.8800,11.6700,11.6800,11.8700,8978556,105754311.0000,0.609052,-1.600670,1,0
2018-05-24,sh.600926,11.6900,11.8200,11.6700,11.7800,11.6800,7940616,93413165.0000,0.538644,0.856159,1,0
2018-05-25,sh.600926,11.7700,11.8200,11.5900,11.6700,11.7800,7744925,90532495.0000,0.525370,-0.933783,1,0
2018-05-28,sh.600926,11.6500,11.6800,11.5400,11.5500,11.6700,7100047,82444985.0000,0.481625,-1.028277,1,0
2018-05-29,sh.600926,11.5600,11.7500,11.4800,11.7300,11.5500,10385343,120621023.0000,0.704480,1.558436,1,0
2018-05-30,sh.600926,11.6100,11.6500,11.4200,11.4700,11.7300,13194146,152424515.0000,0.895013,-2.216533,1,0
2018-05-31,sh.600926,11.5100,11.7300,11.4900,11.7200,11.4700,12146673,141173637.0000,0.823958,2.179599,1,0
2018-06-01,sh.600926,11.6500,11.8300,11.6000,11.7800,11.7200,12129616,142401886.0000,0.822801,0.511941,1,0
2018-06-04,sh.600926,11.7900,11.8900,11.7400,11.8100,11.7800,11517528,136167514.0000,0.781281,0.254675,1,0
2018-06-05,sh.600926,11.8100,11.8100,11.6800,11.7600,11.8100,9458236,111072064.0000,0.641591,-0.423372,1,0
2018-06-06,sh.600926,11.7100,11.7400,11.6400,11.7200,11.7600,6746289,78841988.0000,0.457628,-0.340136,1,0
2018-06-07,sh.600926,11.7300,11.8600,11.7000,11.8300,11.7200,11387464,134386885.0000,0.765912,0.938564,1,0
2018-06-08,sh.600926,11.8100,11.8300,11.6500,11.6700,11.8300,15177482,178279427.0000,1.020826,-1.352492,1,0
2018-06-11,sh.600926,11.6500,11.8700,11.6000,11.8500,11.6700,13442892,158664463.0000,0.904158,1.542419,1,0
2018-06-12,sh.600926,11.8500,11.9200,11.7600,11.8600,11.8500,10948569,129600190.0000,0.736392,0.084382,1,0
2018-06-13,sh.600926,11.8300,11.9100,11.6300,11.6700,11.8600,10344347,121766453.0000,0.695753,-1.602020,1,0
2018-06-14,sh.600926,11.6300,11.6900,11.4800,11.5300,11.6700,10960016,126699003.0000,0.737162,-1.199660,1,0
2018-06-15,sh.600926,11.5100,11.6100,11.5000,11.5500,11.5300,12383191,142858908.0000,0.832884,0.173464,1,0
2018-06-19,sh.600926,11.4000,11.6300,10.8800,11.0700,11.5500,15985667,180002674.0000,1.075183,-4.155849,1,0
2018-06-20,sh.600926,11.0300,11.2100,10.8900,11.0100,11.0700,14001475,154470415.0000,0.941728,-0.542001,1,0
2018-06-21,sh.600926,11.0100,11.1700,10.9300,11.0000,11.0100,13179963,145570767.0000,0.886474,-0.090829,1,0
2018-06-22,sh.600926,10.9300,11.0400,10.8100,11.0400,11.0000,14492487,158461538.0000,0.974753,0.363636,1,0
2018-06-25,sh.600926,11.1100,11.1400,10.8900,10.9000,11.0400,11142990,122672567.0000,0.749469,-1.268119,1,0
2018-06-26,sh.600926,10.8900,10.9500,10.7500,10.8200,10.9000,13393388,145168785.0000,0.900829,-0.733944,1,0
2018-06-27,sh.600926,10.8400,10.9500,10.7800,10.8500,10.8200,9628314,104530159.0000,0.647593,0.277271,1,0
2018-06-28,sh.600926,10.7900,10.9200,10.7700,10.8700,10.8500,8022717,87004077.0000,0.539602,0.184327,1,0
2018-06-29,sh.600926,10.8800,11.1400,10.8600,11.0900,10.8700,11230399,123456731.0000,0.755348,2.023921,1,0
2018-07-02,sh.600926,11.1000,11.2100,10.8400,10.9200,11.0900,11080905,122427024.0000,0.745293,-1.532913,1,0
2018-07-03,sh.600926,10.9300,11.0500,10.8500,11.0500,10.9200,9846768,108044822.0000,0.662286,1.190477,1,0
2018-07-04,sh.600926,7.6200,7.6800,7.5400,7.5500,7.6800,9032558,68769796.0000,0.433945,-1.692704,1,0
2018-07-05,sh.600926,7.5000,7.5300,7.3000,7.3100,7.5500,15838117,117230495.0000,0.760900,-3.178811,1,0
2018-07-06,sh.600926,7.4000,7.4800,7.2800,7.4300,7.3100,12410634,91882335.0000,0.596235,1.641585,1,0
2018-07-09,sh.600926,7.4200,7.6100,7.4200,7.5800,7.4300,10844363,81850213.0000,0.520988,2.018844,1,0
2018-07-10,sh.600926,7.6000,7.6100,7.5500,7.6000,7.5800,10399044,78844943.0000,0.499594,0.263852,1,0
2018-07-11,sh.600926,7.5300,7.5800,7.4000,7.5600,7.6000,10201263,76335382.0000,0.490092,-0.526315,1,0
2018-07-12,sh.600926,7.5200,7.7200,7.5100,7.6800,7.5600,16378904,125733987.0000,0.786880,1.587300,1,0
2018-07-13,sh.600926,7.7000,7.7100,7.6200,7.6500,7.6800,7613048,58284285.0000,0.365748,-0.390622,1,0
2018-07-16,sh.600926,7.6400,7.6700,7.5400,7.5900,7.6500,6737902,51090354.0000,0.323704,-0.784313,1,0
2018-07-17,sh.600926,7.6800,7.7300,7.6500,7.7100,7.5900,14828485,114166478.0000,0.712395,1.581026,1,0
2018-07-18,sh.600926,7.7200,7.7500,7.6500,7.6800,7.7100,11373991,87670025.0000,0.546433,-0.389108,1,0
2018-07-19,sh.600926,7.6800,7.7200,7.6400,7.6900,7.6800,8257871,63443056.0000,0.396727,0.130211,1,0
2018-07-20,sh.600926,7.7000,8.0900,7.6300,8.0000,7.6900,34022166,270158203.0000,1.634503,4.031209,1,0
2018-07-23,sh.600926,7.9600,8.0900,7.9000,8.0300,8.0000,31916343,255924695.0000,1.533334,0.374997,1,0
2018-07-24,sh.600926,8.1100,8.3300,8.1100,8.2100,8.0300,44701016,367318540.0000,2.147540,2.241598,1,0
2018-07-25,sh.600926,8.1800,8.2200,8.0900,8.1400,8.2100,18483427,150674117.0000,0.887986,-0.852615,1,0
2018-07-26,sh.600926,8.1900,8.2100,8.1000,8.1400,8.1400,12623406,102783521.0000,0.606457,0.000000,1,0
2018-07-27,sh.600926,8.1200,8.1400,8.0300,8.0800,8.1400,10829276,87511796.0000,0.520263,-0.737106,1,0
2018-07-30,sh.600926,8.0900,8.1900,8.0700,8.1200,8.0800,12567167,102093243.0000,0.603756,0.495049,1,0
2018-07-31,sh.600926,8.1200,8.2400,8.0500,8.1300,8.1200,13491117,109662421.0000,0.648144,0.123156,1,0
2018-08-01,sh.600926,8.1200,8.1600,7.9100,7.9400,8.1300,12419262,100224499.0000,0.596650,-2.337024,1,0
2018-08-02,sh.600926,7.9400,7.9700,7.6600,7.8500,7.9400,14370249,112506432.0000,0.690380,-1.133503,1,0
2018-08-03,sh.600926,7.8300,7.9000,7.7600,7.8000,7.8500,8453498,66228305.0000,0.406125,-0.636939,1,0
2018-08-06,sh.600926,7.7900,7.9100,7.7800,7.8300,7.8000,13416275,105324842.0000,0.644549,0.384612,1,0
2018-08-07,sh.600926,7.8200,7.9900,7.7400,7.9700,7.8300,13223785,104332663.0000,0.635301,1.787993,1,0
2018-08-08,sh.600926,7.9800,7.9900,7.8500,7.8900,7.9700,8400552,66580018.0000,0.403582,-1.003763,1,0
2018-08-09,sh.600926,7.8600,8.0600,7.8300,8.0300,7.8900,13040962,104251092.0000,0.626518,1.774396,1,0
2018-08-10,sh.600926,8.0200,8.0600,7.9700,8.0500,8.0300,8490269,68098718.0000,0.407892,0.249072,1,0
2018-08-13,sh.600926,7.9900,8.0100,7.8700,7.9700,8.0500,9133851,72512263.0000,0.438811,-0.993794,1,0
2018-08-14,sh.600926,7.9500,7.9700,7.8800,7.9000,7.9700,7422410,58719697.0000,0.356590,-0.878290,1,0
2018-08-15,sh.600926,7.8900,7.9000,7.7500,7.7900,7.9000,10544810,82416579.0000,0.506597,-1.392407,1,0
2018-08-16,sh.600926,7.7500,7.8200,7.6900,7.7700,7.7900,7298271,56658798.0000,0.350626,-0.256739,1,0
2018-08-17,sh.600926,7.8000,7.8400,7.6700,7.7100,7.7700,7455410,57671449.0000,0.358175,-0.772200,1,0
2018-08-20,sh.600926,7.7200,7.7700,7.6600,7.7300,7.7100,7078170,54532938.0000,0.340052,0.259403,1,0
2018-08-21,sh.600926,7.7200,7.8400,7.7100,7.7600,7.7300,9078086,70553543.0000,0.436132,0.388101,1,0
2018-08-22,sh.600926,7.7500,7.7700,7.6700,7.7100,7.7600,5037067,38804868.0000,0.241992,-0.644332,1,0
2018-08-23,sh.600926,7.6900,7.7500,7.6500,7.7100,7.7100,7002387,54062814.0000,0.336411,0.000000,1,0
2018-08-24,sh.600926,7.7000,7.9900,7.6800,7.8700,7.7100,17784934,139797951.0000,0.854429,2.075225,1,0
2018-08-27,sh.600926,7.8700,7.9900,7.8400,7.9900,7.8700,15630011,123761375.0000,0.750902,1.524776,1,0
2018-08-28,sh.600926,7.9800,8.0100,7.9000,7.9400,7.9900,9661771,76862958.0000,0.464174,-0.625779,1,0
2018-08-29,sh.600926,7.9200,7.9800,7.9000,7.9500,7.9400,5932257,47103190.0000,0.284999,0.125942,1,0
2018-08-30,sh.600926,7.9200,7.9800,7.9000,7.9400,7.9500,8398771,66661736.0000,0.403496,-0.125783,1,0
2018-08-31,sh.600926,7.9300,8.0400,7.8700,8.0200,7.9400,13233995,105312419.0000,0.635792,1.007562,1,0
2018-09-03,sh.600926,7.9800,7.9800,7.7900,7.8800,8.0200,15796031,124250728.0000,0.758878,-1.745640,1,0
2018-09-04,sh.600926,7.8700,7.9700,7.8100,7.9000,7.8800,10664945,84158558.0000,0.512368,0.253807,1,0
2018-09-05,sh.600926,7.8600,7.9000,7.7500,7.7800,7.9000,10392345,81439280.0000,0.499272,-1.518986,1,0
2018-09-06,sh.600926,7.7500,7.8300,7.7200,7.7700,7.7800,7951542,61707168.0000,0.382010,-0.128538,1,0
2018-09-07,sh.600926,7.7500,7.8500,7.7400,7.7800,7.7700,8289455,64579714.0000,0.398244,0.128703,1,0
2018-09-10,sh.600926,7.7800,7.8000,7.6900,7.7100,7.7800,6114355,47276741.0000,0.293727,-0.899745,1,0
2018-09-11,sh.600926,7.7200,7.7800,7.6800,7.7600,7.7100,6511608,50334144.0000,0.312810,0.648511,1,0
2018-09-12,sh.600926,7.7400,7.8100,7.7200,7.7800,7.7600,4333229,33701403.0000,0.208163,0.257732,1,0
2018-09-13,sh.600926,7.8300,7.8600,7.7800,7.8400,7.7800,7628151,59563172.0000,0.366448,0.771208,1,0
2018-09-14,sh.600926,7.8200,7.8300,7.5000,7.6500,7.8400,26473731,201528105.0000,1.271768,-2.423470,1,0
2018-09-17,sh.600926,7.5900,7.5900,7.5100,7.5100,7.6500,8567520,64779797.0000,0.411574,-1.830064,1,0
2018-09-18,sh.600926,7.5000,7.5700,7.3700,7.5700,7.5100,21774974,162272503.0000,1.046045,0.798934,1,0
2018-09-19,sh.600926,7.5200,7.6100,7.4700,7.5800,7.5700,21894326,165136478.0000,1.051778,0.132097,1,0
2018-09-20,sh.600926,7.5700,7.5900,7.5200,7.5400,7.5800,13461071,101704703.0000,0.646654,-0.527704,1,0
2018-09-21,sh.600926,7.5600,7.8000,7.5300,7.7600,7.5400,26356982,201915593.0000,1.266159,2.917776,1,0
2018-09-25,sh.600926,7.6900,7.7200,7.6600,7.6800,7.7600,12111327,93027427.0000,0.581814,-1.030933,1,0
2018-09-26,sh.600926,7.6800,7.8200,7.6800,7.7200,7.6800,20113477,155932064.0000,0.966228,0.520833,1,0
2018-09-27,sh.600926,7.7200,7.7500,7.6500,7.6700,7.7200,13820950,106345248.0000,0.663943,-0.647665,1,0
2018-09-28,sh.600926,7.7100,7.8500,7.6900,7.8200,7.6700,21132550,164452486.0000,1.015183,1.955673,1,0
2018-10-08,sh.600926,7.6900,7.7800,7.5900,7.6200,7.8200,18097828,139350553.0000,0.869399,-2.557548,1,0
2018-10-09,sh.600926,7.6200,7.7100,7.6200,7.7000,7.6200,8860386,67938763.0000,0.425643,1.049868,1,0
2018-10-10,sh.600926,7.7200,7.7600,7.6600,7.7500,7.7000,8878456,68500936.0000,0.426511,0.649353,1,0
2018-10-11,sh.600926,7.6100,7.6600,7.3600,7.5500,7.7500,19801904,149184046.0000,0.951261,-2.580643,1,0
2018-10-12,sh.600926,7.4900,7.6500,7.4000,7.6100,7.5500,14789625,111748110.0000,0.710477,0.794701,1,0
2018-10-15,sh.600926,7.6400,7.6900,7.4900,7.6100,7.6100,10933307,82798334.0000,0.525224,0.000000,1,0
2018-10-16,sh.600926,7.5800,7.6900,7.5600,7.6100,7.6100,12090863,92182090.0000,0.580831,0.000000,1,0
2018-10-17,sh.600926,7.6500,7.6600,7.4800,7.6000,7.6100,9510086,72061502.0000,0.456854,-0.131409,1,0
2018-10-18,sh.600926,7.5700,7.5700,7.4300,7.4400,7.6000,6865386,51506337.0000,0.329805,-2.105261,1,0
2018-10-19,sh.600926,7.3900,7.5900,7.3600,7.5800,7.4400,9723423,72915520.0000,0.467102,1.881719,1,0
2018-10-22,sh.600926,7.5900,7.9500,7.5800,7.8600,7.5800,26305422,205639343.0000,1.263682,3.693934,1,0
2018-10-23,sh.600926,7.8400,7.8900,7.6900,7.7200,7.8600,14014454,108915088.0000,0.673238,-1.781175,1,0
2018-10-24,sh.600926,7.7100,8.3000,7.6900,7.9900,7.7200,44688944,358777618.0000,2.146806,3.497409,1,0
2018-10-25,sh.600926,7.8000,8.0600,7.7600,8.0000,7.9900,34922497,277170989.0000,1.677637,0.125159,1,0
2018-10-26,sh.600926,8.0100,8.0200,7.8800,7.9500,8.0000,18159676,144346390.0000,0.872370,-0.625002,1,0
2018-10-29,sh.600926,8.0000,8.0000,7.8000,7.9000,7.9500,18051790,142517260.0000,0.867187,-0.628927,1,0
2018-10-30,sh.600926,7.8500,8.1000,7.8300,8.0400,7.9000,46386123,372089804.0000,2.228336,1.772150,1,0
2018-10-31,sh.600926,8.0500,8.0500,7.9000,7.9800,8.0400,24983583,199589555.0000,1.200183,-0.746268,1,0
2018-11-01,sh.600926,7.9600,8.0600,7.9300,7.9400,7.9800,24052203,192306989.0000,1.155440,-0.501253,1,0
2018-11-02,sh.600926,8.0200,8.1300,7.9600,8.0900,7.9400,38516733,309944630.0000,1.850300,1.889170,1,0
2018-11-05,sh.600926,8.0300,8.0600,7.9200,7.9700,8.0900,24097130,192544378.0000,1.157599,-1.483317,1,0
2018-11-06,sh.600926,7.9800,7.9800,7.8700,7.9300,7.9700,13306388,105301004.0000,0.639224,-0.501882,1,0
2018-11-07,sh.600926,7.9300,7.9700,7.8800,7.9000,7.9300,13997245,110875128.0000,0.672412,-0.378307,1,0
2018-11-08,sh.600926,7.9600,7.9900,7.8900,7.9100,7.9000,12575557,99889716.0000,0.604115,0.126579,1,0
2018-11-09,sh.600926,7.8900,7.9000,7.7200,7.7300,7.9100,21589670,167903282.0000,1.037143,-2.275599,1,0
2018-11-12,sh.600926,7.7400,7.7800,7.7100,7.7800,7.7300,14897170,115373177.0000,0.715643,0.646833,1,0
2018-11-13,sh.600926,7.7100,7.8600,7.6900,7.8500,7.7800,22619578,175918580.0000,1.086619,0.899739,1,0
2018-11-14,sh.600926,7.8300,7.9000,7.7800,7.8100,7.8500,15146898,118844501.0000,0.727640,-0.509554,1,0
2018-11-15,sh.600926,7.8200,7.9000,7.8000,7.8800,7.8100,15424641,121213641.0000,0.740982,0.896289,1,0
2018-11-16,sh.600926,7.8600,8.0400,7.8400,7.9600,7.8800,24293650,192997105.0000,1.167039,1.015227,1,0
2018-11-19,sh.600926,7.9800,8.0800,7.9500,8.0400,7.9600,35382737,284078056.0000,1.699746,1.005024,1,0
2018-11-20,sh.600926,8.0000,8.0200,7.9000,7.9100,8.0400,21847044,173790343.0000,1.049507,-1.616917,1,0
2018-11-21,sh.600926,7.8700,7.9900,7.8700,7.9600,7.9100,16220978,128762582.0000,0.779237,0.632114,1,0
2018-11-22,sh.600926,7.9600,7.9600,7.9000,7.9100,7.9600,12008019,95185795.0000,0.576851,-0.628143,1,0
2018-11-23,sh.600926,7.9300,7.9500,7.7300,7.7600,7.9100,16316466,127790087.0000,0.783824,-1.896329,1,0
2018-11-26,sh.600926,7.7700,7.8700,7.7500,7.7900,7.7600,9628467,75141200.0000,0.462541,0.386595,1,0
2018-11-27,sh.600926,7.8400,7.8600,7.7100,7.7300,7.7900,9765098,76088140.0000,0.469104,-0.770217,1,0
2018-11-28,sh.600926,7.7400,7.8200,7.7300,7.7800,7.7300,8428260,65485007.0000,0.404884,0.646833,1,0
2018-11-29,sh.600926,7.8300,7.8300,7.7000,7.7200,7.7800,9883724,76741857.0000,0.474803,-0.771214,1,0
2018-11-30,sh.600926,7.7000,7.7600,7.6800,7.7200,7.7200,8255759,63707427.0000,0.396597,0.000000,1,0
2018-12-03,sh.600926,7.8500,7.8800,7.7700,7.8200,7.7200,15730255,123249858.0000,0.755663,1.295342,1,0
2018-12-04,sh.600926,7.8300,7.8600,7.8000,7.8600,7.8200,9431680,73939981.0000,0.453087,0.511509,1,0
2018-12-05,sh.600926,7.7900,7.8100,7.7600,7.7800,7.8600,7922590,61686207.0000,0.380592,-1.017811,1,0
2018-12-06,sh.600926,7.7700,7.7700,7.7000,7.7100,7.7800,8477358,65468526.0000,0.407243,-0.899745,1,0
2018-12-07,sh.600926,7.7300,7.7400,7.7000,7.7100,7.7100,4159598,32103267.0000,0.199822,0.000000,1,0
2018-12-10,sh.600926,7.6900,7.7200,7.6000,7.6100,7.7100,8484664,64797724.0000,0.407594,-1.297016,1,0
2018-12-11,sh.600926,7.6300,7.6600,7.6100,7.6300,7.6100,6711403,51231240.0000,0.322408,0.262812,1,0
2018-12-12,sh.600926,7.6500,7.6700,7.6000,7.6300,7.6300,6517219,49764882.0000,0.313080,0.000000,1,0
2018-12-13,sh.600926,7.6300,7.7400,7.5900,7.7000,7.6300,10928140,83899456.0000,0.524975,0.917427,1,0
2018-12-14,sh.600926,7.6800,7.6800,7.5800,7.6000,7.7000,7711724,58809566.0000,0.370462,-1.298700,1,0
2018-12-17,sh.600926,7.5800,7.6500,7.5700,7.6400,7.6000,6315636,48134609.0000,0.303396,0.526315,1,0
2018-12-18,sh.600926,7.6200,7.6600,7.5900,7.6500,7.6400,5202287,39700116.0000,0.249912,0.130893,1,0
2018-12-19,sh.600926,7.6500,7.6600,7.5800,7.6000,7.6500,5441844,41422565.0000,0.261420,-0.653597,1,0
2018-12-20,sh.600926,7.6000,7.6000,7.4100,7.4600,7.6000,16468061,123045569.0000,0.791107,-1.842103,1,0
2018-12-21,sh.600926,7.4500,7.4600,7.3700,7.4400,7.4600,9804380,72571635.0000,0.470991,-0.268096,1,0
2018-12-24,sh.600926,7.4000,7.4500,7.3800,7.4400,7.4400,5306470,39350604.0000,0.254917,0.000000,1,0
2018-12-25,sh.600926,7.4000,7.4100,7.3200,7.4000,7.4400,9515171,70031812.0000,0.457098,-0.537634,1,0
2018-12-26,sh.600926,7.4000,7.4200,7.3600,7.3900,7.4000,3790131,27989242.0000,0.182074,-0.135138,1,0
2018-12-27,sh.600926,7.4600,7.4700,7.3400,7.3700,7.3900,9711358,71840091.0000,0.466523,-0.270636,1,0
2018-12-28,sh.600926,7.3600,7.4400,7.3500,7.4000,7.3700,7212951,53390206.0000,0.346502,0.407058,1,0
2019-01-02,sh.600926,7.4100,7.4100,7.3000,7.3600,7.4000,8492301,62401127.0000,0.407960,-0.540540,1,0
2019-01-03,sh.600926,7.3800,7.4400,7.3500,7.4100,7.3600,8708732,64478379.0000,0.418358,0.679344,1,0
2019-01-04,sh.600926,7.3600,7.6000,7.3400,7.5700,7.4100,20598829,154426038.0000,0.989544,2.159249,1,0
2019-01-07,sh.600926,7.5900,7.5900,7.5000,7.5400,7.5700,13986101,105289187.0000,0.671876,-0.396304,1,0
2019-01-08,sh.600926,7.5100,7.5300,7.4700,7.4900,7.5400,8894741,66629564.0000,0.427293,-0.663133,1,0
2019-01-09,sh.600926,7.4900,7.5800,7.4900,7.5100,7.4900,14799348,111740560.0000,0.710944,0.267029,1,0
2019-01-10,sh.600926,7.5000,7.5600,7.4800,7.5300,7.5100,9410885,70760481.0000,0.452088,0.266311,1,0
2019-01-11,sh.600926,7.5200,7.5500,7.5000,7.5300,7.5300,5879867,44228146.0000,0.282462,0.000000,1,0
2019-01-14,sh.600926,7.5500,7.5500,7.4600,7.4900,7.5300,6140184,46006978.0000,0.294967,-0.531214,1,0
2019-01-15,sh.600926,7.4900,7.5600,7.4800,7.5500,7.4900,8503434,64011879.0000,0.408495,0.801074,1,0
2019-01-16,sh.600926,7.5400,7.5800,7.5300,7.5400,7.5500,5118125,38652987.0000,0.245869,-0.132453,1,0
2019-01-17,sh.600926,7.5500,7.6000,7.5200,7.5500,7.5400,8752579,66205378.0000,0.420464,0.132629,1,0
2019-01-18,sh.600926,7.5600,7.6300,7.5500,7.6100,7.5500,9370331,71165615.0000,0.450140,0.794701,1,0
2019-01-21,sh.600926,7.6200,7.6600,7.5700,7.6100,7.6100,9658718,73520672.0000,0.463994,0.000000,1,0
2019-01-22,sh.600926,7.6100,7.6100,7.5500,7.5600,7.6100,6110760,46318158.0000,0.293548,-0.657033,1,0
2019-01-23,sh.600926,7.5400,7.5900,7.5300,7.5500,7.5600,4398557,33240879.0000,0.211297,-0.132272,1,0
2019-01-24,sh.600926,7.5500,7.5800,7.5200,7.5700,7.5500,6893065,52084036.0000,0.331128,0.264900,1,0
2019-01-25,sh.600926,7.5700,7.6500,7.5700,7.6300,7.5700,11000083,83900469.0000,0.528421,0.792602,1,0
2019-01-28,sh.600926,7.6600,7.7000,7.5600,7.5800,7.6300,9746592,74418651.0000,0.468206,-0.655311,1,0
2019-01-29,sh.600926,7.5800,7.6500,7.5200,7.6400,7.5800,15421129,117235747.0000,0.740798,0.791556,1,0
2019-01-30,sh.600926,7.6700,7.7400,7.6400,7.6800,7.6400,19214923,147708886.0000,0.923044,0.523560,1,0
2019-01-31,sh.600926,7.6800,7.7900,7.6500,7.7800,7.6800,24697727,191091321.0000,1.186426,1.302088,1,0
2019-02-01,sh.600926,7.7800,7.8100,7.7300,7.8000,7.7800,16385636,127227557.0000,0.787131,0.257069,1,0
2019-02-11,sh.600926,7.8000,7.9200,7.7600,7.9100,7.8000,21119713,166037269.0000,1.014546,1.410252,1,0
2019-02-12,sh.600926,7.9200,7.9500,7.8700,7.9500,7.9100,20183797,159613486.0000,0.969587,0.505688,1,0
2019-02-13,sh.600926,7.9300,7.9800,7.8700,7.9600,7.9500,35793965,283745882.0000,1.719466,0.125789,1,0
2019-02-14,sh.600926,7.9400,7.9900,7.9000,7.9900,7.9600,33261791,264339179.0000,1.597826,0.376881,1,0
2019-02-15,sh.600926,7.9600,7.9700,7.8400,7.8500,7.9900,19105497,151044330.0000,0.917788,-1.752189,1,0
2019-02-18,sh.600926,7.8600,7.9800,7.8500,7.9700,7.8500,27795612,220005568.0000,1.335242,1.528661,1,0
2019-02-19,sh.600926,7.9600,8.0700,7.9200,7.9700,7.9700,30362068,242195112.0000,1.458529,0.000000,1,0
2019-02-20,sh.600926,7.9500,7.9900,7.9000,7.9300,7.9700,16060263,127508073.0000,0.771501,-0.501882,1,0
2019-02-21,sh.600926,7.9400,7.9500,7.8700,7.8800,7.9300,17129516,135462447.0000,0.822866,-0.630513,1,0
2019-02-22,sh.600926,7.8600,8.0800,7.8200,8.0800,7.8800,32611141,259628404.0000,1.566570,2.538069,1,0
2019-02-25,sh.600926,8.2600,8.8900,8.1900,8.8800,8.0800,123073012,1050859193.0000,5.912166,9.900992,1,0
2019-02-26,sh.600926,8.9100,8.9100,8.5900,8.6200,8.8800,82833372,725906137.0000,3.979139,-2.927930,1,0
2019-02-27,sh.600926,8.6000,9.3300,8.5500,9.0200,8.6200,117216725,1049634149.0000,5.630843,4.640378,1,0
2019-02-28,sh.600926,8.9100,9.1000,8.7700,8.8100,9.0200,53082624,472573434.0000,2.549977,-2.328160,1,0
2019-03-01,sh.600926,8.8900,8.9800,8.7000,8.9600,8.8100,47046083,416307563.0000,2.259994,1.702606,1,0
2019-03-04,sh.600926,9.0800,9.4400,8.9000,9.0000,8.9600,104049713,948980253.0000,4.998327,0.446428,1,0
2019-03-05,sh.600926,8.8800,8.9900,8.8200,8.9300,9.0000,51034682,454145600.0000,2.451598,-0.777774,1,0
2019-03-06,sh.600926,8.9000,9.0800,8.8700,9.0300,8.9300,56041715,502808386.0000,2.692125,1.119814,1,0
2019-03-07,sh.600926,9.0700,9.3500,8.9500,9.1900,9.0300,91202669,836324875.0000,4.381183,1.771870,1,0
2019-03-08,sh.600926,8.9600,8.9600,8.4900,8.4900,9.1900,81486917,714003092.0000,3.914459,-7.616973,1,0
2019-03-11,sh.600926,8.4900,8.6800,8.4300,8.6500,8.4900,37900868,324255817.0000,1.820677,1.884568,1,0
2019-03-12,sh.600926,8.7000,8.8200,8.5800,8.6600,8.6500,39738914,347067672.0000,1.908973,0.115610,1,0
2019-03-13,sh.600926,8.6500,9.0400,8.5600,8.9100,8.6600,64160351,566003857.0000,3.082127,2.886836,1,0
2019-03-14,sh.600926,8.8400,8.8900,8.5600,8.6200,8.9100,43923366,381789415.0000,2.109985,-3.254769,1,0
2019-03-15,sh.600926,8.6700,8.7600,8.6200,8.6800,8.6200,27608316,239882995.0000,1.326245,0.696061,1,0
2019-03-18,sh.600926,8.7100,8.9000,8.5800,8.8200,8.6800,41183997,361377921.0000,1.978392,1.612896,1,0
2019-03-19,sh.600926,8.8500,8.9200,8.7700,8.8600,8.8200,34585498,306231775.0000,1.661414,0.453514,1,0
2019-03-20,sh.600926,8.8000,8.9200,8.7500,8.8500,8.8600,29276797,258704513.0000,1.406395,-0.112859,1,0
2019-03-21,sh.600926,8.8700,8.8900,8.8000,8.8200,8.8500,31084340,274988839.0000,1.493226,-0.338991,1,0
2019-03-22,sh.600926,8.8300,8.8400,8.6000,8.7300,8.8200,27161204,236966466.0000,1.304767,-1.020410,1,0
2019-03-25,sh.600926,8.6000,8.6900,8.5600,8.5700,8.7300,25343506,218365679.0000,1.217448,-1.832759,1,0
2019-03-26,sh.600926,8.6000,8.6100,8.3400,8.3500,8.5700,30962077,261949379.0000,1.487352,-2.567086,1,0
2019-03-27,sh.600926,8.4200,8.4600,8.3300,8.3900,8.3500,20931647,175669081.0000,1.005512,0.479042,1,0
2019-03-28,sh.600926,8.3600,8.3900,8.2800,8.3200,8.3900,23495038,195807927.0000,1.128652,-0.834334,1,0
2019-03-29,sh.600926,8.3500,8.6300,8.3500,8.6100,8.3200,39224428,334328327.0000,1.884258,3.485576,1,0
2019-04-01,sh.600926,8.6900,8.8000,8.6300,8.7500,8.6100,46571537,407499343.0000,2.237198,1.626020,1,0
2019-04-02,sh.600926,8.7700,8.8100,8.6300,8.6700,8.7500,48315729,420468160.0000,2.320985,-0.914285,1,0
2019-04-03,sh.600926,8.6000,8.7200,8.5700,8.7200,8.6700,35612541,307834353.0000,1.710751,0.576704,1,0
2019-04-04,sh.600926,8.7300,8.9600,8.7200,8.8500,8.7200,67464264,597125978.0000,3.240840,1.490827,1,0
2019-04-08,sh.600926,8.9100,9.1800,8.8600,8.9500,8.8500,80283381,724323417.0000,3.856643,1.129937,1,0
2019-04-09,sh.600926,8.9500,8.9900,8.8200,8.9000,8.9500,33377630,297011904.0000,1.603391,-0.558661,1,0
2019-04-10,sh.600926,8.8400,8.8600,8.7500,8.7900,8.9000,28345484,249282597.0000,1.361657,-1.235951,1,0
2019-04-11,sh.600926,8.8400,8.9200,8.6900,8.7000,8.7900,28264869,248698308.0000,1.357784,-1.023893,1,0
2019-04-12,sh.600926,8.6700,8.7500,8.6400,8.7000,8.7000,20520662,178270804.0000,0.985769,0.000000,1,0
2019-04-15,sh.600926,8.8400,8.9500,8.7100,8.7100,8.7000,44708225,395846632.0000,2.147688,0.114945,1,0
2019-04-16,sh.600926,8.6900,9.1000,8.6300,9.0500,8.7100,82616360,739399362.0000,3.968715,3.903561,1,0
2019-04-17,sh.600926,9.0600,9.1400,8.9100,8.9700,9.0500,43963255,395678890.0000,2.111901,-0.883977,1,0
2019-04-18,sh.600926,9.0400,9.0800,8.9200,8.9700,8.9700,27262113,244918252.0000,1.309614,0.000000,1,0
2019-04-19,sh.600926,8.9800,9.0800,8.9300,9.0100,8.9700,28369971,255071072.0000,1.362833,0.445930,1,0
2019-04-22,sh.600926,9.0400,9.0800,8.8000,8.8200,9.0100,33797107,301321020.0000,1.623541,-2.108774,1,0
2019-04-23,sh.600926,8.8200,8.8500,8.7100,8.7400,8.8200,26215130,230241179.0000,1.259319,-0.907029,1,0
2019-04-24,sh.600926,8.7600,8.8000,8.6500,8.7400,8.7400,20426452,178471195.0000,0.981243,0.000000,1,0
2019-04-25,sh.600926,8.7400,8.9100,8.6200,8.6700,8.7400,37841157,331823983.0000,1.817809,-0.800912,1,0
2019-04-26,sh.600926,8.6300,8.6600,8.5200,8.5400,8.6700,29975263,257225625.0000,1.439948,-1.499425,1,0
2019-04-29,sh.600926,8.5700,8.8200,8.5700,8.7100,8.5400,49241574,429032954.0000,2.365461,1.990633,1,0
2019-04-30,sh.600926,8.7100,8.8900,8.6700,8.8800,8.7100,39344261,346678902.0000,1.890015,1.951780,1,0
2019-05-06,sh.600926,8.7000,8.9500,8.5000,8.6500,8.8800,55462343,484207251.0000,2.664293,-2.590096,1,0
2019-05-07,sh.600926,8.7000,8.7200,8.5700,8.6400,8.6500,31023330,267999628.0000,1.490295,-0.115599,1,0
2019-05-08,sh.600926,8.5500,8.6600,8.4300,8.5400,8.6400,23096748,197409115.0000,1.109519,-1.157412,1,0
2019-05-09,sh.600926,8.4600,8.5400,8.3100,8.3600,8.5400,19690292,165631533.0000,0.945880,-2.107732,1,0
2019-05-10,sh.600926,8.4000,8.5400,8.2900,8.5100,8.3600,21971326,185766088.0000,1.055456,1.794265,1,0
2019-05-13,sh.600926,8.4300,8.4500,8.3400,8.3700,8.5100,12638097,105925216.0000,0.607107,-1.645127,1,0
2019-05-14,sh.600926,8.2900,8.3800,8.2600,8.3200,8.3700,23224771,193014451.0000,1.115669,-0.597374,1,0
2019-05-15,sh.600926,8.3300,8.4500,8.3200,8.4200,8.3200,17831844,149606063.0000,0.856604,1.201928,1,0
2019-05-16,sh.600926,8.3900,8.4100,8.3300,8.3800,8.4200,16950022,141777668.0000,0.814243,-0.475059,1,0
2019-05-17,sh.600926,8.4000,8.4100,8.2000,8.2300,8.3800,17491708,145132099.0000,0.840265,-1.789983,1,0
2019-05-20,sh.600926,8.2100,8.2600,8.1400,8.1900,8.2300,14547446,119026816.0000,0.698828,-0.486026,1,0
2019-05-21,sh.600926,8.1700,8.3200,8.1700,8.2600,8.1900,12540330,103517535.0000,0.602411,0.854709,1,0
2019-05-22,sh.600926,8.2500,8.3000,8.2100,8.2600,8.2600,10188425,84075710.0000,0.489430,0.000000,1,0
2019-05-23,sh.600926,8.2500,8.2800,8.1600,8.1800,8.2600,10329781,84794308.0000,0.496221,-0.968522,1,0
2019-05-24,sh.600926,8.1900,8.3200,8.1900,8.2600,8.1800,11170332,92207483.0000,0.536599,0.977994,1,0
2019-05-27,sh.600926,8.2400,8.3500,8.1300,8.3300,8.2600,17539219,144712656.0000,0.842547,0.847454,1,0
2019-05-28,sh.600926,8.3500,8.3700,8.2200,8.3100,8.3300,20403996,169571775.0000,0.980165,-0.240090,1,0
2019-05-29,sh.600926,8.2600,8.3100,8.2100,8.2600,8.3100,11835009,97686549.0000,0.568529,-0.601687,1,0
2019-05-30,sh.600926,8.2500,8.2500,8.1500,8.2200,8.2600,8454646,69249539.0000,0.406143,-0.484261,1,0
2019-05-31,sh.600926,8.2400,8.2500,8.1700,8.2100,8.2200,7479240,61430211.0000,0.359287,-0.121657,1,0
2019-06-03,sh.600926,8.2400,8.2700,8.1500,8.2000,8.2100,12178890,99755289.0000,0.585048,-0.121805,1,0
2019-06-04,sh.600926,8.1900,8.2100,8.1400,8.1800,8.2000,8265073,67480957.0000,0.397037,-0.243896,1,0
2019-06-05,sh.600926,8.2100,8.2400,8.1100,8.1900,8.1800,8835794,72445220.0000,0.424453,0.122241,1,0
2019-06-06,sh.600926,8.2000,8.2000,8.1400,8.1700,8.1900,8766959,71586421.0000,0.421146,-0.244194,1,0
2019-06-10,sh.600926,8.2000,8.2300,8.1000,8.1900,8.1700,10552283,86447909.0000,0.506909,0.244792,1,0
2019-06-11,sh.600926,8.2000,8.3500,8.1800,8.3200,8.1900,18509351,153314214.0000,0.889150,1.587303,1,0
2019-06-12,sh.600926,8.3100,8.3200,8.2400,8.2800,8.3200,10858822,89832005.0000,0.521635,-0.480769,1,0
2019-06-13,sh.600926,8.2700,8.3400,8.2400,8.2900,8.2800,9544546,79135489.0000,0.458500,0.120776,1,0
2019-06-14,sh.600926,8.2800,8.3300,8.2000,8.2200,8.2900,9913668,81975457.0000,0.476232,-0.844387,1,0
2019-06-17,sh.600926,8.2500,8.3100,8.2300,8.2700,8.2200,7630876,63094197.0000,0.366571,0.608275,1,0
2019-06-18,sh.600926,8.2600,8.2900,8.2300,8.2800,8.2700,5908758,48840931.0000,0.283844,0.120910,1,0
2019-06-19,sh.600926,8.3900,8.4500,8.3100,8.3100,8.2800,15879540,132629796.0000,0.762819,0.362327,1,0
2019-06-20,sh.600926,8.3100,8.5300,8.2800,8.4700,8.3100,33884694,285739402.0000,1.627749,1.925389,1,0
2019-06-21,sh.600926,8.4500,8.5400,8.4300,8.4700,8.4700,19645004,166355985.0000,0.943704,0.000000,1,0
2019-06-24,sh.600926,8.4600,8.4800,8.4200,8.4300,8.4700,12603107,106312717.0000,0.605427,-0.472255,1,0
2019-06-25,sh.600926,8.4400,8.4500,8.3000,8.3600,8.4300,14715479,123008100.0000,0.706900,-0.830375,1,0
2019-06-26,sh.600926,8.3300,8.4000,8.3100,8.3700,8.3600,8561265,71622992.0000,0.411265,0.119620,1,0
2019-06-27,sh.600926,8.3500,8.4500,8.3500,8.3800,8.3700,9743109,81857966.0000,0.468038,0.119477,1,0
2019-06-28,sh.600926,8.3900,8.4000,8.3000,8.3300,8.3800,8409856,70104432.0000,0.403992,-0.596661,1,0
2019-07-01,sh.600926,8.4000,8.5100,8.4000,8.4800,8.3300,19328987,163039003.0000,0.928524,1.800716,1,0
2019-07-02,sh.600926,8.4700,8.5100,8.4200,8.5000,8.4800,18535039,156893896.0000,0.890384,0.235854,1,0
2019-07-03,sh.600926,8.4800,8.5100,8.4500,8.5100,8.5000,20419067,173189176.0000,0.980889,0.117650,1,0
2019-07-04,sh.600926,8.2500,8.2700,8.1800,8.2000,8.2600,20184806,165898815.0000,0.969635,-0.726397,1,0
2019-07-05,sh.600926,8.2000,8.2200,8.1500,8.1900,8.2000,8829037,72291353.0000,0.424128,-0.121954,1,0
2019-07-08,sh.600926,8.1800,8.1900,8.0700,8.0900,8.1900,15322213,124352103.0000,0.736047,-1.220994,1,0
2019-07-09,sh.600926,8.0800,8.1000,8.0100,8.0500,8.0900,12647736,101860133.0000,0.607570,-0.494437,1,0
2019-07-10,sh.600926,8.0600,8.0700,7.9500,7.9900,8.0500,12713194,101884730.0000,0.610715,-0.745347,1,0
2019-07-11,sh.600926,8.0100,8.0300,7.9600,7.9800,7.9900,8954799,71595104.0000,0.430170,-0.125153,1,0
2019-07-12,sh.600926,7.9700,8.0600,7.9600,8.0200,7.9800,9642640,77289235.0000,0.463212,0.501259,1,0
2019-07-15,sh.600926,8.0100,8.0800,7.9400,8.0600,8.0200,10165590,81494687.0000,0.488333,0.498753,1,0
2019-07-16,sh.600926,8.1800,8.3000,8.1800,8.2600,8.0600,35741463,294469844.0000,1.716944,2.481387,1,0
2019-07-17,sh.600926,8.2400,8.2700,8.1900,8.2200,8.2600,16049238,132002193.0000,0.770971,-0.484261,1,0
2019-07-18,sh.600926,8.2000,8.2200,8.1000,8.1500,8.2200,11935822,97645842.0000,0.573372,-0.851589,1,0
2019-07-19,sh.600926,8.1700,8.2400,8.1600,8.1600,8.1500,12226567,100194008.0000,0.587338,0.122702,1,0
2019-07-22,sh.600926,8.2000,8.2700,8.1300,8.2000,8.1600,17064793,140284842.0000,0.819756,0.490196,1,0
2019-07-23,sh.600926,8.2000,8.2500,8.1800,8.2400,8.2000,9890291,81290654.0000,0.475109,0.487804,1,0
2019-07-24,sh.600926,8.2700,8.3300,8.2400,8.2500,8.2400,16350229,135506754.0000,0.785430,0.121362,1,0
2019-07-25,sh.600926,8.2800,8.4300,8.2400,8.3600,8.2500,34976541,291953604.0000,1.680199,1.333329,1,0
2019-07-26,sh.600926,8.3400,8.3900,8.3100,8.3800,8.3600,20175149,168796385.0000,0.969200,0.239200,1,0
2019-07-29,sh.600926,8.4000,8.5700,8.3800,8.4800,8.3800,41044762,348428205.0000,1.971703,1.193311,1,0
2019-07-30,sh.600926,8.5100,8.6300,8.4700,8.5700,8.4800,36003663,307673124.0000,1.729500,1.061300,1,0
2019-07-31,sh.600926,8.5500,8.5700,8.4700,8.4700,8.5700,20028202,170431881.0000,0.962100,-1.166900,1,0
2019-08-01,sh.600926,8.4400,8.5200,8.3800,8.4500,8.4700,23811193,200907268.0000,1.143800,-0.236100,1,0
2019-08-02,sh.600926,8.3500,8.4000,8.3200,8.3800,8.4500,16020373,133856238.0000,0.769600,-0.828400,1,0
2019-08-05,sh.600926,8.3500,8.3800,8.2400,8.2400,8.3800,16022875,132977580.0000,0.769700,-1.670600,1,0
2019-08-06,sh.600926,8.1500,8.1900,8.0400,8.1500,8.2400,24858848,201769791.0000,1.194200,-1.092200,1,0
2019-08-07,sh.600926,8.1800,8.2000,8.0800,8.0800,8.1500,15522450,125936087.0000,0.745700,-0.858900,1,0
2019-08-08,sh.600926,8.1200,8.2100,8.0500,8.1400,8.0800,19931671,162145275.0000,0.957500,0.742600,1,0
2019-08-09,sh.600926,8.2000,8.2100,8.0600,8.0800,8.1400,14952904,121409276.0000,0.718300,-0.737100,1,0
2019-08-12,sh.600926,8.0700,8.1700,8.0500,8.1700,8.0800,11981879,97235710.0000,0.575600,1.113900,1,0
2019-08-13,sh.600926,8.1200,8.1500,8.0700,8.0900,8.1700,7937404,64300785.0000,0.381300,-0.979200,1,0
2019-08-14,sh.600926,8.1700,8.1800,8.0700,8.0800,8.0900,10706352,86866023.0000,0.514300,-0.123600,1,0
2019-08-15,sh.600926,7.9600,8.0600,7.9200,8.0400,8.0800,12738131,101842958.0000,0.611900,-0.495000,1,0
2019-08-16,sh.600926,8.0600,8.0700,7.9900,8.0300,8.0400,10769899,86571278.0000,0.517400,-0.124400,1,0
2019-08-19,sh.600926,8.0200,8.1300,7.9300,8.1300,8.0300,27271176,218947056.0000,1.310000,1.245300,1,0
2019-08-20,sh.600926,8.1000,8.1000,8.0500,8.0600,8.1300,12775220,103198233.0000,0.613700,-0.861000,1,0
2019-08-21,sh.600926,8.0600,8.1200,8.0400,8.0600,8.0600,8989166,72648404.0000,0.431800,0.000000,1,0
2019-08-22,sh.600926,8.0700,8.0800,8.0300,8.0500,8.0600,6660889,53644649.0000,0.320000,-0.124100,1,0
2019-08-23,sh.600926,8.0600,8.0900,8.0300,8.0700,8.0500,7915858,63872955.0000,0.380300,0.248400,1,0
2019-08-26,sh.600926,7.9900,8.0200,7.9500,7.9900,8.0700,11094253,88529440.0000,0.532900,-0.991300,1,0
2019-08-27,sh.600926,7.9800,8.1000,7.9800,8.0500,7.9900,18237444,146945999.0000,0.876100,0.750900,1,0
2019-08-28,sh.600926,8.1000,8.1200,8.0300,8.0500,8.0500,9225199,74403678.0000,0.443200,0.000000,1,0
2019-08-29,sh.600926,8.0700,8.0900,8.0300,8.0600,8.0500,7034120,56694127.0000,0.337900,0.124200,1,0
2019-08-30,sh.600926,8.1000,8.1100,7.9600,7.9800,8.0600,13891587,111413208.0000,0.667300,-0.992600,1,0
2019-09-02,sh.600926,7.9700,8.0700,7.9700,8.0500,7.9800,15581273,125097939.0000,0.748500,0.877200,1,0
2019-09-03,sh.600926,8.0500,8.1300,8.0200,8.0900,8.0500,14284016,115249963.0000,0.686200,0.496900,1,0
2019-09-04,sh.600926,8.0800,8.2600,8.0800,8.1700,8.0900,19633377,160700248.0000,0.943100,0.988900,1,0
2019-09-05,sh.600926,8.2300,8.3800,8.2300,8.2800,8.1700,32157818,267491491.0000,1.544800,1.346400,1,0
2019-09-06,sh.600926,8.3000,8.4200,8.2700,8.4000,8.2800,23108470,192692925.0000,1.110100,1.449300,1,0
2019-09-09,sh.600926,8.5000,8.5300,8.3800,8.4100,8.4000,28091009,237052165.0000,1.349400,0.119100,1,0
2019-09-10,sh.600926,8.4100,8.4700,8.3600,8.4500,8.4100,17996880,151577379.0000,0.864500,0.475600,1,0
2019-09-11,sh.600926,8.5000,8.5300,8.4300,8.5000,8.4500,23997690,203579378.0000,1.152800,0.591700,1,0
2019-09-12,sh.600926,8.5100,8.5200,8.4400,8.5000,8.5000,12576271,106658366.0000,0.604100,0.000000,1,0
2019-09-16,sh.600926,8.5200,8.5300,8.4200,8.4800,8.5000,10772868,91198239.0000,0.517500,-0.235300,1,0
2019-09-17,sh.600926,8.4600,8.4700,8.2800,8.3100,8.4800,14412208,120400284.0000,0.692300,-2.004700,1,0
2019-09-18,sh.600926,8.3200,8.3600,8.3000,8.3000,8.3100,7442067,61954097.0000,0.357500,-0.120300,1,0
2019-09-19,sh.600926,8.3300,8.3500,8.2900,8.3300,8.3000,6118201,50889666.0000,0.293900,0.361400,1,0
2019-09-20,sh.600926,8.3200,8.3600,8.3000,8.3400,8.3300,8468500,70577793.0000,0.406800,0.120100,1,0
2019-09-23,sh.600926,8.3400,8.3500,8.2200,8.2700,8.3400,9702146,80116726.0000,0.466100,-0.839300,1,0
2019-09-24,sh.600926,8.2900,8.3400,8.2500,8.2500,8.2700,7195357,59686181.0000,0.345600,-0.241800,1,0
2019-09-25,sh.600926,8.2400,8.4600,8.2200,8.3700,8.2500,17180715,143658901.0000,0.825300,1.454500,1,0
2019-09-26,sh.600926,8.3800,8.5800,8.3400,8.4400,8.3700,35336749,298695615.0000,1.697500,0.836300,1,0
2019-09-27,sh.600926,8.4200,8.5000,8.3800,8.4400,8.4400,13630826,114919199.0000,0.654800,0.000000,1,0
2019-09-30,sh.600926,8.4200,8.5300,8.4200,8.4500,8.4400,18575116,157552940.0000,0.892300,0.118500,1,0
2019-10-08,sh.600926,8.4200,8.6000,8.3300,8.5200,8.4500,25687341,218243541.0000,1.234000,0.828400,1,0
2019-10-09,sh.600926,8.5000,8.7700,8.4500,8.5900,8.5200,35620703,307493157.0000,1.711100,0.821600,1,0
2019-10-10,sh.600926,8.5800,8.6800,8.5500,8.6100,8.5900,19786368,170464784.0000,0.950500,0.232800,1,0
2019-10-11,sh.600926,8.6700,8.7400,8.6200,8.6900,8.6100,22917530,198966071.0000,1.100900,0.929200,1,0
2019-10-14,sh.600926,8.7500,9.0000,8.6900,8.8500,8.6900,53487672,474474120.0000,2.569400,1.841200,1,0
2019-10-15,sh.600926,8.8100,8.8800,8.7600,8.8400,8.8500,20635129,181917573.0000,0.991300,-0.113000,1,0
2019-10-16,sh.600926,8.8900,8.9400,8.6900,8.7800,8.8400,29458378,259260863.0000,1.415100,-0.678700,1,0
2019-10-17,sh.600926,8.7600,8.7800,8.6600,8.7300,8.7800,17682397,154208647.0000,0.849400,-0.569500,1,0
2019-10-18,sh.600926,8.7200,8.8100,8.5600,8.5900,8.7300,24796391,215418695.0000,1.191200,-1.603700,1,0
2019-10-21,sh.600926,8.5900,8.7100,8.5200,8.6700,8.5900,20691103,178681012.0000,0.994000,0.931300,1,0
2019-10-22,sh.600926,8.6800,8.7100,8.5600,8.6500,8.6700,15345315,132477333.0000,0.737200,-0.230700,1,0
2019-10-23,sh.600926,8.6300,8.7100,8.5900,8.6300,8.6500,11058898,95657944.0000,0.531200,-0.231200,1,0
2019-10-24,sh.600926,8.6000,8.7400,8.5600,8.6500,8.6300,27798890,240625846.0000,1.335400,0.231700,1,0
2019-10-25,sh.600926,8.7000,8.8300,8.6800,8.7700,8.6500,34504825,301747384.0000,1.657500,1.387300,1,0
2019-10-28,sh.600926,8.7500,9.0000,8.7100,8.9600,8.7700,45248038,403255597.0000,1.070900,2.166500,1,0
2019-10-29,sh.600926,8.9900,9.0700,8.9100,8.9600,8.9600,35423224,318223435.0000,0.838400,0.000000,1,0
2019-10-30,sh.600926,8.9300,9.1800,8.9000,9.1000,8.9600,42336996,384642092.0000,1.002000,1.562500,1,0
2019-10-31,sh.600926,9.1100,9.1500,8.9400,9.0000,9.1000,24292487,218724340.0000,0.574900,-1.098900,1,0
2019-11-01,sh.600926,8.9700,9.3100,8.9000,9.2700,9.0000,43944875,403118844.0000,1.040100,3.000000,1,0
2019-11-04,sh.600926,9.3100,9.4100,9.2300,9.2700,9.2700,33156235,308859244.0000,0.784700,0.000000,1,0
2019-11-05,sh.600926,9.2800,9.5000,9.2400,9.4200,9.2700,41066160,386202835.0000,0.971900,1.618100,1,0
2019-11-06,sh.600926,9.4300,9.5400,9.3500,9.4300,9.4200,22706874,214343280.0000,0.537400,0.106200,1,0
2019-11-07,sh.600926,9.4500,9.4900,9.3000,9.3400,9.4300,30424974,285371996.0000,0.720100,-0.954400,1,0
2019-11-08,sh.600926,9.4100,9.4200,9.2700,9.3100,9.3400,25418006,237374707.0000,0.601600,-0.321200,1,0
2019-11-11,sh.600926,9.2500,9.3000,9.0900,9.1000,9.3100,26497235,242619025.0000,0.627100,-2.255600,1,0
2019-11-12,sh.600926,9.1000,9.1800,9.0800,9.1200,9.1000,21656932,197744695.0000,0.512600,0.219800,1,0
2019-11-13,sh.600926,9.1100,9.1300,9.0100,9.0600,9.1200,13494005,122353785.0000,0.319400,-0.657900,1,0
2019-11-14,sh.600926,9.0800,9.1200,8.9800,9.0100,9.0600,16562362,149696701.0000,0.392000,-0.551900,1,0
2019-11-15,sh.600926,9.0300,9.0400,8.9000,8.9500,9.0100,16532038,148222396.0000,0.391300,-0.665900,1,0
2019-11-18,sh.600926,8.9300,9.0800,8.8700,9.0700,8.9500,20713705,185836162.0000,0.490200,1.340800,1,0
2019-11-19,sh.600926,9.0500,9.0900,8.9500,9.0300,9.0700,21097236,190099432.0000,0.499300,-0.441000,1,0
2019-11-20,sh.600926,8.9900,9.0000,8.8100,8.8200,9.0300,23820292,211451834.0000,0.563800,-2.325600,1,0
2019-11-21,sh.600926,8.8000,8.8500,8.7400,8.8200,8.8200,13046853,114816702.0000,0.308800,0.000000,1,0
2019-11-22,sh.600926,8.8200,8.8800,8.6400,8.7200,8.8200,17690824,155022749.0000,0.418700,-1.133800,1,0
2019-11-25,sh.600926,8.7400,8.8800,8.7300,8.8300,8.7200,16150694,142395746.0000,0.382200,1.261500,1,0
2019-11-26,sh.600926,8.8700,8.9300,8.7300,8.9300,8.8300,28584091,252909678.0000,0.676500,1.132500,1,0
2019-11-27,sh.600926,8.8600,8.9100,8.7500,8.7800,8.9300,22073537,194572390.0000,0.502600,-1.679700,1,0
2019-11-28,sh.600926,8.7800,8.8100,8.6500,8.7000,8.7800,13583515,118376979.0000,0.309300,-0.911200,1,0
2019-11-29,sh.600926,8.7000,8.7700,8.6600,8.7100,8.7000,12494994,108704676.0000,0.284500,0.114900,1,0
2019-12-02,sh.600926,8.7200,8.7900,8.7000,8.7400,8.7100,11435268,100092470.0000,0.260400,0.344400,1,0
2019-12-03,sh.600926,8.7400,8.7800,8.7000,8.7600,8.7400,11449208,100114426.0000,0.260700,0.228800,1,0
2019-12-04,sh.600926,8.7300,8.7600,8.6100,8.6400,8.7600,15181866,131413079.0000,0.345700,-1.369900,1,0
2019-12-05,sh.600926,8.6700,8.7100,8.6200,8.6800,8.6400,13284976,115073209.0000,0.302500,0.463000,1,0
2019-12-06,sh.600926,8.6900,8.7200,8.6400,8.7100,8.6800,10520346,91359279.0000,0.239500,0.345600,1,0
2019-12-09,sh.600926,8.6700,8.8100,8.6600,8.8000,8.7100,15217619,133302372.0000,0.346500,1.033300,1,0
2019-12-10,sh.600926,8.8000,8.8500,8.7700,8.8000,8.8000,13881154,122261618.0000,0.316000,0.000000,1,0
2019-12-11,sh.600926,8.8100,8.9500,8.7800,8.9100,8.8000,17500807,155787368.0000,0.398500,1.250000,1,0
2019-12-12,sh.600926,8.9300,8.9400,8.8600,8.8800,8.9100,15793808,140510385.0000,0.359600,-0.336700,1,0
2019-12-13,sh.600926,8.9300,9.0900,8.9200,9.0500,8.8800,23324913,209974948.0000,0.531100,1.914400,1,0
2019-12-16,sh.600926,9.0500,9.1900,8.9800,9.1600,9.0500,20275794,184528987.0000,0.461600,1.215500,1,0
2019-12-17,sh.600926,9.1600,9.3900,9.1300,9.2500,9.1600,27954781,258810833.0000,0.636500,0.982500,1,0
2019-12-18,sh.600926,9.2000,9.3100,9.1600,9.1900,9.2500,18114376,167259461.0000,0.412400,-0.648700,1,0
2019-12-19,sh.600926,9.2000,9.3100,9.1500,9.1800,9.1900,16465007,151849210.0000,0.374900,-0.108800,1,0
2019-12-20,sh.600926,9.1800,9.2700,9.1300,9.1600,9.1800,15657711,143947721.0000,0.356500,-0.217900,1,0
2019-12-23,sh.600926,9.1800,9.2500,9.0400,9.0500,9.1600,17440708,159289716.0000,0.397100,-1.200900,1,0
2019-12-24,sh.600926,9.0700,9.1300,9.0000,9.1200,9.0500,10374870,94041075.0000,0.236200,0.773500,1,0
2019-12-25,sh.600926,9.0900,9.1200,9.0300,9.0600,9.1200,8095684,73443107.0000,0.184300,-0.657900,1,0
2019-12-26,sh.600926,9.0700,9.1600,9.0300,9.1600,9.0600,8716099,79178526.0000,0.198400,1.103700,1,0
2019-12-27,sh.600926,9.1400,9.2300,9.0700,9.1000,9.1600,15789628,144428195.0000,0.359500,-0.655000,1,0
2019-12-30,sh.600926,9.0200,9.1800,8.9800,9.1500,9.1000,16600333,150822567.0000,0.378000,0.549400,1,0
2019-12-31,sh.600926,9.1100,9.1700,9.0900,9.1600,9.1500,9298865,84916794.0000,0.198400,0.109300,1,0
2020-01-02,sh.600926,9.2700,9.4300,9.2600,9.3400,9.1600,29697455,277632355.0000,0.633700,1.965100,1,0
2020-01-03,sh.600926,9.3300,9.4000,9.2900,9.3600,9.3400,16071528,150038415.0000,0.343000,0.214100,1,0
2020-01-06,sh.600926,9.3100,9.3900,9.2700,9.3100,9.3600,22991028,214922118.0000,0.490600,-0.534200,1,0
2020-01-07,sh.600926,9.3600,9.5400,9.3500,9.3800,9.3100,33910106,319981651.0000,0.723600,0.751900,1,0
2020-01-08,sh.600926,9.3600,9.4600,9.2300,9.2600,9.3800,28896911,270223627.0000,0.616600,-1.279300,1,0
2020-01-09,sh.600926,9.3100,9.4100,9.2800,9.4100,9.2600,18871054,176476204.0000,0.402700,1.619900,1,0
2020-01-10,sh.600926,9.4000,9.5300,9.3800,9.4900,9.4100,27361651,258980688.0000,0.583900,0.850200,1,0
2020-01-13,sh.600926,9.4600,9.7100,9.4300,9.6900,9.4900,34637691,333856320.0000,0.739100,2.107500,1,0
2020-01-14,sh.600926,9.6800,9.7800,9.6000,9.6400,9.6900,19929486,192839324.0000,0.425300,-0.516000,1,0
2020-01-15,sh.600926,9.6400,9.7000,9.5100,9.6900,9.6400,15351099,147835187.0000,0.327600,0.518700,1,0
2020-01-16,sh.600926,9.7200,9.7300,9.5700,9.6100,9.6900,14451113,139135701.0000,0.308400,-0.825600,1,0
2020-01-17,sh.600926,9.6700,9.6700,9.4300,9.4900,9.6100,17419620,165885153.0000,0.371700,-1.248700,1,0
2020-01-20,sh.600926,9.5000,9.5900,9.4900,9.5900,9.4900,10524771,100472284.0000,0.224600,1.053700,1,0
2020-01-21,sh.600926,9.5900,9.6200,9.4200,9.4400,9.5900,15644327,148436110.0000,0.333800,-1.564100,1,0
2020-01-22,sh.600926,9.3900,9.4700,9.3200,9.4000,9.4400,17888780,168105500.0000,0.381700,-0.423700,1,0
2020-01-23,sh.600926,9.3700,9.3900,9.1000,9.1700,9.4000,26992983,249843367.0000,0.576000,-2.446800,1,0
2020-02-03,sh.600926,8.3100,8.7400,8.2500,8.4600,9.1700,43706405,368975672.0000,0.932700,-7.742600,1,0
2020-02-04,sh.600926,8.4800,8.8000,8.4700,8.7100,8.4600,29829990,258524110.0000,0.636600,2.955100,1,0
2020-02-05,sh.600926,8.7100,8.8000,8.6000,8.6400,8.7100,21695357,188201672.0000,0.463000,-0.803700,1,0
2020-02-06,sh.600926,8.6700,8.8100,8.5400,8.7000,8.6400,25892688,223797426.0000,0.552500,0.694400,1,0
2020-02-07,sh.600926,8.6500,8.7000,8.5100,8.6500,8.7000,21001608,180431895.0000,0.448200,-0.574700,1,0
2020-02-10,sh.600926,8.5800,8.6900,8.5100,8.6700,8.6500,17047533,146671440.0000,0.363800,0.231200,1,0
2020-02-11,sh.600926,8.7100,8.7700,8.6200,8.7000,8.6700,24213117,210404017.0000,0.516700,0.346000,1,0
2020-02-12,sh.600926,8.6600,8.7000,8.6000,8.6900,8.7000,18754985,162324565.0000,0.400200,-0.114900,1,0
2020-02-13,sh.600926,8.6700,8.7100,8.5600,8.5800,8.6900,18134437,156345018.0000,0.387000,-1.265800,1,0
2020-02-14,sh.600926,8.5800,8.6700,8.5600,8.6400,8.5800,16880690,145603003.0000,0.360200,0.699300,1,0
2020-02-17,sh.600926,8.6200,8.9500,8.6000,8.9300,8.6400,38132789,334419405.0000,0.813700,3.356500,1,0
2020-02-18,sh.600926,8.8600,8.9200,8.7800,8.8300,8.9300,24380494,215179811.0000,0.520300,-1.119800,1,0
2020-02-19,sh.600926,8.8000,8.8600,8.7700,8.7800,8.8300,20358865,179347149.0000,0.434400,-0.566300,1,0
2020-02-20,sh.600926,8.8000,9.0200,8.7600,8.9500,8.7800,29192915,259492144.0000,0.623000,1.936200,1,0
2020-02-21,sh.600926,8.9200,9.0700,8.8900,8.9500,8.9500,24574735,220113976.0000,0.524400,0.000000,1,0
2020-02-24,sh.600926,8.9000,8.9300,8.8100,8.8700,8.9500,19812955,175678566.0000,0.422800,-0.893900,1,0
2020-02-25,sh.600926,8.7500,8.8200,8.6600,8.7200,8.8700,22563610,197139284.0000,0.481500,-1.691100,1,0
2020-02-26,sh.600926,8.6400,8.9500,8.6300,8.7900,8.7200,27952525,246561999.0000,0.596500,0.802700,1,0
2020-02-27,sh.600926,8.7500,8.8800,8.7200,8.8000,8.7900,15666748,137722087.0000,0.334300,0.113800,1,0
2020-02-28,sh.600926,8.7000,8.7900,8.4900,8.5900,8.8000,23810736,204848601.0000,0.508100,-2.386400,1,0
2020-03-02,sh.600926,8.5800,8.7800,8.5600,8.7700,8.5900,25242875,219761980.0000,0.538700,2.095500,1,0
2020-03-03,sh.600926,8.8500,8.8700,8.7500,8.8000,8.7700,23029774,202983087.0000,0.491400,0.342100,1,0
2020-03-04,sh.600926,8.7500,8.8200,8.7200,8.8100,8.8000,17258092,151452245.0000,0.368300,0.113600,1,0
2020-03-05,sh.600926,8.8600,9.1300,8.8100,9.0700,8.8100,38292737,344907808.0000,0.817100,2.951200,1,0
2020-03-06,sh.600926,8.9700,9.0300,8.8900,8.8900,9.0700,23547039,210774887.0000,0.502500,-1.984600,1,0
2020-03-09,sh.600926,8.7800,8.7800,8.5600,8.5700,8.8900,26117001,226057840.0000,0.557300,-3.599600,1,0
2020-03-10,sh.600926,8.6000,8.7200,8.5600,8.6900,8.5700,22439231,194208817.0000,0.478800,1.400200,1,0
2020-03-11,sh.600926,8.7000,8.7300,8.6000,8.6100,8.6900,14982831,129606111.0000,0.319700,-0.920600,1,0
2020-03-12,sh.600926,8.6100,8.6800,8.4900,8.5200,8.6100,18232586,156076769.0000,0.389100,-1.045300,1,0
2020-03-13,sh.600926,8.2200,8.4200,8.0800,8.4200,8.5200,28561664,235672577.0000,0.609500,-1.173700,1,0
2020-03-16,sh.600926,8.3800,8.4000,8.0600,8.1100,8.4200,26310698,216277159.0000,0.561500,-3.681700,1,0
2020-03-17,sh.600926,8.1500,8.2400,8.0400,8.1200,8.1100,14687929,119445923.0000,0.313400,0.123300,1,0
2020-03-18,sh.600926,8.1300,8.1800,7.8700,7.8900,8.1200,17765238,142867291.0000,0.379100,-2.832500,1,0
2020-03-19,sh.600926,7.8900,7.9500,7.6100,7.7400,7.8900,24634910,191494362.0000,0.525700,-1.901100,1,0
2020-03-20,sh.600926,7.8000,7.9100,7.7400,7.8400,7.7400,15752994,123279692.0000,0.336200,1.292000,1,0
2020-03-23,sh.600926,7.6600,7.7000,7.5500,7.5700,7.8400,17539088,133514571.0000,0.374300,-3.443900,1,0
2020-03-24,sh.600926,7.6600,7.7400,7.5000,7.6400,7.5700,30379127,231092508.0000,0.648300,0.924700,1,0
2020-03-25,sh.600926,7.7700,7.7700,7.6500,7.7200,7.6400,32387887,249824297.0000,0.691100,1.047100,1,0
2020-03-26,sh.600926,7.6900,7.8400,7.6500,7.7300,7.7200,20873425,161560981.0000,0.445400,0.129500,1,0
2020-03-27,sh.600926,7.7800,8.0100,7.7500,7.8600,7.7300,23537240,185282194.0000,0.502300,1.681800,1,0
2020-03-30,sh.600926,7.7400,7.8800,7.7100,7.8000,7.8600,15327882,119264285.0000,0.327100,-0.763400,1,0
2020-03-31,sh.600926,7.8700,7.8700,7.6600,7.7000,7.8000,14466792,112115261.0000,0.308700,-1.282100,1,0
2020-04-01,sh.600926,7.6700,7.7900,7.6500,7.6500,7.7000,11059793,85218870.0000,0.236000,-0.649300,1,0
2020-04-02,sh.600926,7.6100,7.7200,7.6100,7.7200,7.6500,8655531,66345508.0000,0.184700,0.915000,1,0
2020-04-03,sh.600926,7.7200,7.7700,7.6000,7.6500,7.7200,11908190,91340920.0000,0.254100,-0.906700,1,0
2020-04-07,sh.600926,7.8000,7.8700,7.7300,7.8400,7.6500,20384955,158984909.0000,0.435000,2.483700,1,0
2020-04-08,sh.600926,7.8200,7.8700,7.7700,7.8000,7.8400,9140751,71369092.0000,0.195100,-0.510200,1,0
2020-04-09,sh.600926,7.8200,7.8500,7.7700,7.7900,7.8000,9490611,74101574.0000,0.202500,-0.128200,1,0
2020-04-10,sh.600926,7.7900,7.8700,7.7700,7.8000,7.7900,11194501,87356663.0000,0.238900,0.128400,1,0
2020-04-13,sh.600926,7.7500,7.7900,7.6900,7.7000,7.8000,7493806,57967489.0000,0.159900,-1.282100,1,0
2020-04-14,sh.600926,7.7200,7.7700,7.7100,7.7500,7.7000,8138536,62993720.0000,0.173700,0.649400,1,0
2020-04-15,sh.600926,7.7500,7.7700,7.7100,7.7200,7.7500,7949786,61513062.0000,0.169600,-0.387100,1,0
2020-04-16,sh.600926,7.7100,7.7400,7.6800,7.7200,7.7200,7818517,60260733.0000,0.166800,0.000000,1,0
2020-04-17,sh.600926,7.7300,7.8400,7.7200,7.7700,7.7200,15552375,120851820.0000,0.331900,0.647700,1,0
2020-04-20,sh.600926,7.7600,7.7800,7.7000,7.7200,7.7700,12408627,95834574.0000,0.264800,-0.643500,1,0
2020-04-21,sh.600926,7.6900,7.7700,7.6000,7.6400,7.7200,13322171,102134366.0000,0.284300,-1.036300,1,0
2020-04-22,sh.600926,7.6200,7.6500,7.6000,7.6400,7.6400,6661775,50769423.0000,0.142200,0.000000,1,0
2020-04-23,sh.600926,7.6600,7.6800,7.5900,7.6000,7.6400,7815180,59553337.0000,0.166800,-0.523600,1,0
2020-04-24,sh.600926,7.6100,7.6300,7.4500,7.4800,7.6000,14702711,110624687.0000,0.313700,-1.578900,1,0
2020-04-27,sh.600926,7.5200,7.7300,7.5100,7.6600,7.4800,24035930,184145943.0000,0.512900,2.406400,1,0
2020-04-28,sh.600926,7.6800,7.7500,7.5600,7.7300,7.6600,17582883,134784365.0000,0.375200,0.913800,1,0
2020-04-29,sh.600926,7.7500,7.9800,7.7300,7.9800,7.7300,27574023,217807588.0000,0.588400,3.234200,1,0
2020-04-30,sh.600926,8.2900,8.4100,8.2300,8.2800,7.9800,56600021,471467646.0000,1.207800,3.759400,1,0
2020-05-06,sh.600926,8.2100,8.4300,8.1800,8.3800,8.2800,26939281,224197509.0000,0.574900,1.207700,1,0
2020-05-07,sh.600926,8.3800,8.4100,8.2200,8.2200,8.3800,16159268,133913396.0000,0.344800,-1.909300,1,0
2020-05-08,sh.600926,8.3300,8.5600,8.3100,8.4700,8.2200,25911188,218874753.0000,0.552900,3.041400,1,0
2020-05-11,sh.600926,8.4500,8.7300,8.4500,8.5500,8.4700,31031103,267039735.0000,0.662200,0.944500,1,0
2020-05-12,sh.600926,8.5900,8.6400,8.4300,8.4700,8.5500,23127250,196929989.0000,0.493500,-0.935700,1,0
2020-05-13,sh.600926,8.4400,8.6000,8.4000,8.5700,8.4700,13052571,110952291.0000,0.278500,1.180600,1,0
2020-05-14,sh.600926,8.5500,8.5600,8.4900,8.5200,8.5700,15240935,129943552.0000,0.325200,-0.583400,1,0
2020-05-15,sh.600926,8.5700,8.7500,8.5700,8.6100,8.5200,23149369,200597323.0000,0.494000,1.056300,1,0
2020-05-18,sh.600926,8.5700,8.9700,8.5700,8.8200,8.6100,37066764,325726477.0000,0.791000,2.439000,1,0
2020-05-19,sh.600926,8.9000,8.9400,8.7500,8.7700,8.8200,15670404,138106197.0000,0.334400,-0.566900,1,0
2020-05-20,sh.600926,8.7400,8.9100,8.6400,8.7500,8.7700,28561137,250266562.0000,0.609500,-0.228100,1,0
2020-05-21,sh.600926,8.8100,8.9400,8.7700,8.8700,8.7500,22439956,199005464.0000,0.464300,1.371400,1,0
2020-05-22,sh.600926,8.9200,8.9400,8.7100,8.7800,8.8700,19766127,174237197.0000,0.408900,-1.014700,1,0
2020-05-25,sh.600926,8.7300,8.8300,8.6300,8.7100,8.7800,19854566,173650527.0000,0.410800,-0.797300,1,0
2020-05-26,sh.600926,8.8000,8.8300,8.6600,8.7200,8.7100,15674712,136846059.0000,0.324300,0.114800,1,0
2020-05-27,sh.600926,8.7900,9.0800,8.7900,8.9000,8.7200,35998078,322799306.0000,0.744800,2.064200,1,0
2020-05-28,sh.600926,8.9400,9.1700,8.9300,9.0300,8.9000,29917633,271423533.0000,0.619000,1.460700,1,0
2020-05-29,sh.600926,8.9500,9.1000,8.9200,9.1000,9.0300,15455359,139185613.0000,0.319800,0.775200,1,0
2020-06-01,sh.600926,9.0900,9.1800,9.0000,9.1500,9.1000,25181131,229443746.0000,0.521000,0.549400,1,0
2020-06-02,sh.600926,9.1700,9.2400,9.0800,9.1200,9.1500,16590797,151986665.0000,0.343200,-0.327900,1,0
2020-06-03,sh.600926,9.1500,9.3000,9.0500,9.0900,9.1200,24541322,225535710.0000,0.507700,-0.328900,1,0
2020-06-04,sh.600926,9.0900,9.1500,8.9700,9.0400,9.0900,16756317,151351390.0000,0.346700,-0.550100,1,0
2020-06-05,sh.600926,9.0500,9.0900,8.9500,9.0100,9.0400,13310762,119931610.0000,0.275400,-0.331900,1,0
2020-06-08,sh.600926,9.0200,9.1300,8.9000,9.0100,9.0100,30954494,278973043.0000,0.640400,0.000000,1,0
2020-06-09,sh.600926,9.0400,9.0400,8.8600,8.9700,9.0100,26074519,232933427.0000,0.539500,-0.444000,1,0
2020-06-10,sh.600926,8.9800,8.9800,8.8100,8.8800,8.9700,24983318,221707842.0000,0.516900,-1.003300,1,0
2020-06-11,sh.600926,8.8900,9.0100,8.8500,8.8800,8.8800,20970371,187111565.0000,0.433900,0.000000,1,0
2020-06-12,sh.600926,8.8100,8.9300,8.7900,8.9100,8.8800,12802983,113475276.0000,0.254900,0.337800,1,0
2020-06-15,sh.600926,8.9100,8.9300,8.6800,8.6800,8.9100,25604977,224631277.0000,0.509800,-2.581400,1,0
2020-06-16,sh.600926,8.7500,8.8700,8.6900,8.8200,8.6800,13416243,117944578.0000,0.267100,1.612900,1,0
2020-06-17,sh.600926,8.8500,9.0600,8.7800,9.0500,8.8200,25717729,230926370.0000,0.512100,2.607700,1,0
2020-06-18,sh.600926,8.9100,9.0900,8.8200,9.0400,9.0500,22049073,197334123.0000,0.439000,-0.110500,1,0
2020-06-19,sh.600926,9.0500,9.1500,9.0200,9.0900,9.0400,25744423,234420722.0000,0.512600,0.553100,1,0
2020-06-22,sh.600926,9.1000,9.1400,8.9000,8.9100,9.0900,17936265,161698667.0000,0.357100,-1.980200,1,0
2020-06-23,sh.600926,8.8900,8.9700,8.8100,8.8400,8.9100,12107392,107481200.0000,0.241100,-0.785600,1,0
2020-06-24,sh.600926,8.8800,9.1200,8.8800,9.0700,8.8400,21492997,194557216.0000,0.427900,2.601800,1,0
2020-06-29,sh.600926,9.1500,9.1600,8.8600,8.9100,9.0700,17175646,153898604.0000,0.342000,-1.764100,1,0
2020-06-30,sh.600926,8.9800,8.9900,8.7900,8.9200,8.9100,18164880,161148036.0000,0.361700,0.112200,1,0
2020-07-01,sh.600926,8.9600,9.1600,8.8500,9.1200,8.9200,27601291,249647881.0000,0.549600,2.242200,1,0
2020-07-02,sh.600926,9.1200,9.5300,9.1100,9.5300,9.1200,55199541,514019207.0000,1.099100,4.495600,1,0
2020-07-03,sh.600926,9.6000,9.8100,9.4200,9.6000,9.5300,52237580,502486610.0000,1.040100,0.734500,1,0
2020-07-06,sh.600926,9.7000,10.5600,9.6900,10.5600,9.6000,99038261,1013313285.0000,1.972000,10.000000,1,0
2020-07-07,sh.600926,10.7600,11.1500,10.4000,10.4300,10.5600,99553866,1062207651.0000,1.982200,-1.231100,1,0
2020-07-08,sh.600926,10.3800,11.0300,10.2500,10.8800,10.4300,79518668,848644423.0000,1.583300,4.314500,1,0
2020-07-09,sh.600926,10.5300,10.5700,10.1500,10.3300,10.5300,67322713,695098680.0000,1.340500,-1.899300,1,0
2020-07-10,sh.600926,10.2600,10.4000,9.7900,9.8000,10.3300,67219144,673020379.0000,1.338400,-5.130700,1,0
2020-07-13,sh.600926,9.7000,10.0700,9.6900,9.9300,9.8000,52938543,523244727.0000,1.054100,1.326500,1,0
2020-07-14,sh.600926,9.9500,10.0500,9.7200,9.9400,9.9300,33898402,335055807.0000,0.675000,0.100700,1,0
2020-07-15,sh.600926,9.9700,10.0400,9.6200,9.6900,9.9400,34749014,340066215.0000,0.691900,-2.515100,1,0
2020-07-16,sh.600926,9.7400,10.0500,9.6600,9.6800,9.6900,43908087,432059760.0000,0.874300,-0.103200,1,0
2020-07-17,sh.600926,9.7500,9.8500,9.6300,9.7300,9.6800,27549261,268739572.0000,0.548500,0.516500,1,0
2020-07-20,sh.600926,9.8400,10.2100,9.7900,10.2100,9.7300,54977096,553621853.0000,1.094700,4.933200,1,0
2020-07-21,sh.600926,10.1400,10.1600,9.8800,9.9700,10.2100,35015030,349567506.8900,0.697200,-2.350600,1,0
2020-07-22,sh.600926,9.9800,10.0700,9.8000,9.8300,9.9700,35501609,351803782.1900,0.706900,-1.404200,1,0
2020-07-23,sh.600926,9.7400,9.8500,9.5500,9.7300,9.8300,26042188,252443948.8600,0.518500,-1.017300,1,0
2020-07-24,sh.600926,9.7000,9.8400,9.3100,9.3600,9.7300,32812460,313644929.3000,0.653300,-3.802700,1,0
2020-07-27,sh.600926,9.4600,9.5300,9.2900,9.4700,9.3600,20861658,197135730.3400,0.415400,1.175200,1,0
2020-07-28,sh.600926,9.5400,9.5600,9.2900,9.3800,9.4700,25406924,238406409.1000,0.505900,-0.950400,1,0
2020-07-29,sh.600926,9.3600,9.6700,9.2400,9.5900,9.3800,23009933,218739478.5900,0.458200,2.238800,1,0
2020-07-30,sh.600926,9.6000,9.6500,9.4900,9.4900,9.5900,14889024,141931078.2800,0.296500,-1.042800,1,0
2020-07-31,sh.600926,9.4800,9.6300,9.3500,9.4400,9.4900,20350133,192976355.5900,0.405200,-0.526900,1,0
2020-08-03,sh.600926,9.4800,9.7300,9.4800,9.7000,9.4400,29816804,287994386.6100,0.593700,2.754200,1,0
2020-08-04,sh.600926,9.7400,10.1400,9.6000,10.0300,9.7000,59164176,587176172.5800,1.178000,3.402100,1,0
2020-08-05,sh.600926,9.9300,10.0200,9.7700,9.8600,10.0300,36516007,360197647.4800,0.727100,-1.694900,1,0
2020-08-06,sh.600926,9.7800,10.0500,9.7800,10.0400,9.8600,35512876,353585932.7200,0.707100,1.825600,1,0
2020-08-07,sh.600926,9.9700,10.2400,9.8200,10.0400,10.0400,38176207,383539653.7900,0.760100,0.000000,1,0
2020-08-10,sh.600926,10.0000,10.5700,9.9200,10.3900,10.0400,62512438,645525459.1700,1.244700,3.486100,1,0
2020-08-11,sh.600926,10.3700,11.2000,10.3500,10.6600,10.3900,91684317,1000495835.9700,1.825500,2.598700,1,0
2020-08-12,sh.600926,10.7800,10.9500,10.5100,10.7200,10.6600,59821934,643088725.7900,1.191100,0.562900,1,0
2020-08-13,sh.600926,10.7400,11.0800,10.5500,10.9600,10.7200,48554130,529656094.3300,0.966800,2.238800,1,0
2020-08-14,sh.600926,10.9000,11.7600,10.7500,11.6400,10.9600,75479015,846894510.7000,1.502900,6.204400,1,0
2020-08-17,sh.600926,11.7800,12.8000,11.6700,12.4000,11.6400,118007762,1459003989.8200,2.349700,6.529200,1,0
2020-08-18,sh.600926,12.2100,12.3700,11.7000,11.9300,12.4000,88010325,1052162167.7900,1.752400,-3.790300,1,0
2020-08-19,sh.600926,11.8400,12.1100,11.7200,11.7200,11.9300,50205406,597757500.7800,0.999600,-1.760300,1,0
2020-08-20,sh.600926,11.7000,11.8400,11.3800,11.4200,11.7200,39529213,456736423.4100,0.787100,-2.559700,1,0
2020-08-21,sh.600926,11.5700,11.8000,11.3600,11.5300,11.4200,36318784,419615622.0300,0.723100,0.963200,1,0
2020-08-24,sh.600926,11.5000,11.6400,11.2500,11.4200,11.5300,27402395,313818230.1200,0.545600,-0.954000,1,0
2020-08-25,sh.600926,11.4100,11.8300,11.3800,11.5300,11.4200,32657086,378088185.0400,0.650200,0.963200,1,0
2020-08-26,sh.600926,11.5300,11.5800,11.1400,11.2300,11.5300,32966589,372542243.5900,0.656400,-2.601900,1,0
2020-08-27,sh.600926,11.2300,11.5000,11.1300,11.4400,11.2300,26076757,295800217.2500,0.519200,1.870000,1,0
2020-08-28,sh.600926,11.6200,12.5800,11.6200,12.5800,11.4400,103189523,1278877552.3000,2.054600,9.965000,1,0
2020-08-31,sh.600926,12.8000,13.5600,12.6700,12.9500,12.5800,106617973,1402772585.6400,2.122900,2.941200,1,0
2020-09-01,sh.600926,13.0800,13.1700,12.6900,12.8400,12.9500,58710289,756953724.3800,1.169000,-0.849400,1,0
2020-09-02,sh.600926,12.9800,13.0300,12.3000,12.4400,12.8400,59354921,742300558.3800,1.181800,-3.115300,1,0
2020-09-03,sh.600926,12.5500,12.9500,12.4400,12.5300,12.4400,39321699,497860137.6300,0.782900,0.723500,1,0
2020-09-04,sh.600926,12.4000,12.7300,12.2500,12.5000,12.5300,37342283,465901842.1400,0.743500,-0.239400,1,0
2020-09-07,sh.600926,12.4900,12.5500,11.9700,12.0600,12.5000,33441793,410275230.2100,0.665900,-3.520000,1,0
2020-09-08,sh.600926,12.0900,13.0500,12.0600,13.0000,12.0600,74501152,946461560.5200,1.483400,7.794400,1,0
2020-09-09,sh.600926,12.6800,12.9700,12.5500,12.7500,13.0000,41522943,529352780.8000,0.826800,-1.923100,1,0
2020-09-10,sh.600926,12.9000,13.2700,12.4300,12.6300,12.7500,41625648,534799150.9600,0.828800,-0.941200,1,0
2020-09-11,sh.600926,12.5700,12.7600,12.2000,12.4900,12.6300,38124122,473604813.5800,0.759100,-1.108500,1,0
2020-09-14,sh.600926,12.4900,12.7100,12.2300,12.5900,12.4900,37205946,464033263.5600,0.740800,0.800600,1,0
2020-09-15,sh.600926,12.4800,12.7500,12.2800,12.4900,12.5900,31743646,396592915.0200,0.632100,-0.794300,1,0
2020-09-16,sh.600926,12.5800,12.8600,12.4600,12.6700,12.4900,31379707,397786277.0100,0.624800,1.441200,1,0
2020-09-17,sh.600926,12.6300,12.8600,12.3100,12.4100,12.6700,32763588,409650446.6500,0.652400,-2.052100,1,0
2020-09-18,sh.600926,12.3900,12.9700,12.2600,12.9300,12.4100,48261456,610106849.9900,0.960900,4.190200,1,0
2020-09-21,sh.600926,12.9700,13.0700,12.6700,12.7500,12.9300,35085817,448121987.2400,0.698600,-1.392100,1,0
2020-09-22,sh.600926,12.5600,12.8800,12.4100,12.4500,12.7500,27224199,343249954.4600,0.542100,-2.352900,1,0
2020-09-23,sh.600926,12.4500,12.5400,12.2900,12.3500,12.4500,22174997,275166631.1800,0.441500,-0.803200,1,0
2020-09-24,sh.600926,12.3200,12.3700,11.9200,12.0600,12.3500,33790842,407822672.8900,0.672800,-2.348200,1,0
2020-09-25,sh.600926,12.0900,12.1200,11.8800,12.0000,12.0600,22497196,270046355.0900,0.447900,-0.497500,1,0
2020-09-28,sh.600926,11.9800,12.2000,11.9300,12.1000,12.0000,16096963,194321216.9300,0.320500,0.833300,1,0
2020-09-29,sh.600926,12.1900,12.2000,11.8500,11.8800,12.1000,20089209,241196519.0000,0.400000,-1.818200,1,0
2020-09-30,sh.600926,11.8800,11.9800,11.6800,11.7800,11.8800,30132892,355589486.8500,0.600000,-0.841800,1,0
2020-10-09,sh.600926,11.8200,11.9100,11.6500,11.7200,11.7800,30610770,359887107.7900,0.609500,-0.509300,1,0
2020-10-12,sh.600926,11.7800,12.2100,11.6100,12.0900,11.7200,37666792,450242406.1300,0.750000,3.157000,1,0
2020-10-13,sh.600926,12.0100,12.3500,11.9400,12.2700,12.0900,26751606,325385481.0200,0.532700,1.488800,1,0
2020-10-14,sh.600926,12.2500,12.6100,12.2100,12.4200,12.2700,28643313,354602734.0400,0.570300,1.222500,1,0
2020-10-15,sh.600926,12.4700,13.4500,12.4200,13.0800,12.4200,55043108,717587145.9700,1.096000,5.314000,1,0
2020-10-16,sh.600926,12.8800,13.5500,12.8500,13.2500,13.0800,49166182,651992250.3500,0.979000,1.299700,1,0
2020-10-19,sh.600926,13.3700,14.1700,13.3600,13.4900,13.2500,64430801,886219387.8000,1.282900,1.811300,1,0
2020-10-20,sh.600926,13.5800,13.6600,13.2600,13.6200,13.4900,34811010,469939643.3400,0.693100,0.963700,1,0
2020-10-21,sh.600926,13.7200,14.1000,13.4800,13.9400,13.6200,46677716,644685204.9300,0.929400,2.349500,1,0
2020-10-22,sh.600926,13.8900,14.1000,13.2400,13.5200,13.9400,47503396,643807744.5600,0.945800,-3.012900,1,0
2020-10-23,sh.600926,13.6200,14.0000,13.5000,13.6100,13.5200,41225784,566514958.7300,0.820900,0.665700,1,0
2020-10-26,sh.600926,13.5400,13.7700,13.0300,13.1600,13.6100,31905900,423935290.8800,0.635300,-3.306400,1,0
2020-10-27,sh.600926,13.1600,13.4500,13.0700,13.2600,13.1600,25754201,341440832.3500,0.510900,0.759900,1,0
2020-10-28,sh.600926,13.3900,13.4700,12.9600,13.1800,13.2600,27840186,366600804.1800,0.552200,-0.603300,1,0
2020-10-29,sh.600926,12.9800,13.5400,12.7800,13.3300,13.1800,40719249,535486397.1900,0.807700,1.138100,1,0
2020-10-30,sh.600926,13.3000,13.6400,12.9300,12.9700,13.3300,31364969,415743718.1700,0.622200,-2.700700,1,0
2020-11-02,sh.600926,13.0000,13.6300,13.0000,13.4900,12.9700,68346645,913838894.9000,1.355700,4.009300,1,0
2020-11-03,sh.600926,13.5500,14.0800,13.2200,13.4800,13.4900,55388693,758263368.7500,1.098700,-0.074100,1,0
2020-11-04,sh.600926,13.6400,13.9400,13.3300,13.9200,13.4800,50771457,694355569.7000,1.007100,3.264100,1,0
2020-11-05,sh.600926,13.8800,13.9500,13.4100,13.5700,13.9200,45257212,614972822.2500,0.897700,-2.514400,1,0
2020-11-06,sh.600926,13.5400,13.5400,13.0800,13.2300,13.5700,36936299,487591935.0900,0.732700,-2.505500,1,0
2020-11-09,sh.600926,13.2700,13.3500,13.0600,13.2600,13.2300,38776861,511921884.9000,0.769200,0.226800,1,0
2020-11-10,sh.600926,13.4400,13.5400,12.9500,12.9900,13.2600,39802599,525779930.8500,0.789500,-2.036200,1,0
2020-11-11,sh.600926,13.0000,13.3300,12.7200,13.1400,12.9900,41964566,545620349.3400,0.832400,1.154700,1,0
2020-11-12,sh.600926,13.0200,13.2100,12.8700,13.1100,13.1400,20253570,264345513.6300,0.401700,-0.228300,1,0
2020-11-13,sh.600926,13.0200,13.0600,12.6100,12.7900,13.1100,27473863,351538225.9300,0.545000,-2.440900,1,0
2020-11-16,sh.600926,12.8600,13.2300,12.7400,13.0600,12.7900,30541008,398008096.2800,0.605800,2.111000,1,0
2020-11-17,sh.600926,13.0100,13.5700,12.9500,13.4600,13.0600,41922554,559506739.4700,0.831600,3.062800,1,0
2020-11-18,sh.600926,13.4600,13.9800,13.3500,13.8500,13.4600,48236612,662989713.2900,0.956800,2.897500,1,0
2020-11-19,sh.600926,13.9300,14.8800,13.7300,14.8000,13.8500,76085522,1089743450.1200,1.509200,6.859200,1,0
2020-11-20,sh.600926,14.5900,14.7400,14.2300,14.6500,14.8000,37645830,544281902.2200,0.746700,-1.013500,1,0
2020-11-23,sh.600926,14.4800,15.2100,14.4100,15.0100,14.6500,46181802,685350642.0100,0.916100,2.457300,1,0
2020-11-24,sh.600926,14.9500,15.0000,14.6300,14.8200,15.0100,26136770,385957650.7900,0.518400,-1.265800,1,0
2020-11-25,sh.600926,14.8700,15.0500,14.4500,14.5800,14.8200,23379706,343168590.0600,0.463800,-1.619400,1,0
2020-11-26,sh.600926,14.6300,14.8000,14.3800,14.6400,14.5800,23058508,336661496.3900,0.457400,0.411500,1,0
2020-11-27,sh.600926,14.7900,15.2000,14.6200,15.1900,14.6400,38112383,569439351.8100,0.756000,3.756800,1,0
2020-11-30,sh.600926,15.3000,16.1900,15.2000,15.2000,15.1900,78848701,1242816677.1400,1.564000,0.065800,1,0
2020-12-01,sh.600926,15.0900,15.5500,14.8200,15.2000,15.2000,58251034,883733889.0600,1.155500,0.000000,1,0
2020-12-02,sh.600926,15.0700,15.2000,14.7000,14.8600,15.2000,39776204,593424620.1800,0.789000,-2.236800,1,0
2020-12-03,sh.600926,14.8600,15.0300,14.4800,14.6400,14.8600,35418728,521437383.4400,0.702600,-1.480500,1,0
2020-12-04,sh.600926,14.5400,14.7200,14.3100,14.6300,14.6400,26662291,386778855.5200,0.528900,-0.068300,1,0
2020-12-07,sh.600926,14.8900,14.9500,14.2700,14.3100,14.6300,29930260,433363931.0400,0.593700,-2.187300,1,0
2020-12-08,sh.600926,14.2900,14.5700,14.2000,14.3200,14.3100,16310447,234474235.2600,0.323500,0.069900,1,0
2020-12-09,sh.600926,14.4000,14.9300,14.4000,14.5900,14.3200,33097411,485800153.9800,0.656500,1.885500,1,0
2020-12-10,sh.600926,14.5000,14.5700,14.2600,14.3300,14.5900,20339818,292361763.7700,0.403500,-1.782000,1,0
2020-12-11,sh.600926,14.5000,14.6800,14.3400,14.4700,14.3300,29225890,423735778.8700,0.579700,0.977000,1,0
2020-12-14,sh.600926,14.4800,14.7800,14.4000,14.7700,14.4700,22223250,324168116.7900,0.440800,2.073300,1,0
2020-12-15,sh.600926,14.7000,14.7000,13.9200,14.5700,14.7700,42954448,614223552.5900,0.852000,-1.354100,1,0
2020-12-16,sh.600926,14.5000,14.7900,14.4300,14.5000,14.5700,18166045,265156236.9300,0.360300,-0.480400,1,0
2020-12-17,sh.600926,14.5100,14.6600,14.2700,14.6000,14.5000,19597225,283839555.6100,0.388700,0.689700,1,0
2020-12-18,sh.600926,14.5700,14.6700,14.3200,14.3200,14.6000,14537165,210092416.8500,0.288400,-1.917800,1,0
2020-12-21,sh.600926,14.3100,14.6300,14.1000,14.3600,14.3200,24034024,345825361.0700,0.476700,0.279300,1,0
2020-12-22,sh.600926,14.3500,14.5400,13.9900,14.1000,14.3600,23425987,332949187.8400,0.464700,-1.810600,1,0
2020-12-23,sh.600926,14.1000,14.1600,13.9400,14.0800,14.1000,25372628,355781124.4500,0.503300,-0.141800,1,0
2020-12-24,sh.600926,14.1500,14.6800,14.1200,14.6600,14.0800,28525434,413890029.0400,0.565800,4.119300,1,0
2020-12-25,sh.600926,14.6800,14.9700,14.3800,14.9000,14.6600,28057043,413043937.2400,0.556500,1.637100,1,0
2020-12-28,sh.600926,14.7200,15.2400,14.6000,15.0600,14.9000,37525329,560727407.3600,0.744300,1.073800,1,0
2020-12-29,sh.600926,15.1900,15.4400,14.7300,14.7900,15.0600,31351103,468627505.1800,0.621900,-1.792800,1,0
2020-12-30,sh.600926,14.7400,14.9300,14.5400,14.8700,14.7900,22873380,337711235.3400,0.453700,0.540900,1,0
2020-12-31,sh.600926,14.8800,15.1400,14.7200,14.9200,14.8700,28637743,427938103.9900,0.568100,0.336200,1,0
2021-01-04,sh.600926,14.7300,14.7500,13.7900,14.0200,14.9200,82401210,1156643284.4000,1.634500,-6.032200,1,0
2021-01-05,sh.600926,13.9000,13.9300,13.2000,13.5000,14.0200,62689620,846840391.5700,1.243500,-3.709000,1,0
2021-01-06,sh.600926,13.5400,14.0000,13.4200,13.9800,13.5000,48032902,659282724.0800,0.952800,3.555600,1,0
2021-01-07,sh.600926,13.9900,14.3600,13.7400,14.0500,13.9800,44887420,631740369.6500,0.890400,0.500700,1,0
2021-01-08,sh.600926,13.9100,14.4500,13.8200,14.3500,14.0500,42321876,603315975.2500,0.839500,2.135200,1,0
2021-01-11,sh.600926,14.3500,15.2300,14.2600,14.8700,14.3500,60177647,896076363.7500,1.193700,3.623700,1,0
2021-01-12,sh.600926,14.9200,15.2100,14.7300,15.0700,14.8700,45697220,684986321.0000,0.906400,1.345000,1,0
2021-01-13,sh.600926,15.0700,15.4600,14.9300,15.3400,15.0700,42271195,645074542.0600,0.838500,1.791600,1,0
2021-01-14,sh.600926,15.4400,15.6900,15.0100,15.1700,15.3400,33146747,507868218.7100,0.657500,-1.108200,1,0
2021-01-15,sh.600926,15.4000,16.1300,15.3100,15.5500,15.1700,55975418,881816807.4000,1.110300,2.504900,1,0
2021-01-18,sh.600926,15.5600,16.2800,15.5500,16.0300,15.5500,43526892,695782705.3600,0.863400,3.086800,1,0
2021-01-19,sh.600926,15.9600,15.9600,15.4300,15.5200,16.0300,27415986,428525719.8800,0.543800,-3.181500,1,0
2021-01-20,sh.600926,15.4100,15.6100,14.9600,15.1000,15.5200,29741536,451993111.5700,0.590000,-2.706200,1,0
2021-01-21,sh.600926,15.1500,15.2900,14.9000,14.9800,15.1000,28522494,429039664.7600,0.565800,-0.794700,1,0
2021-01-22,sh.600926,15.0800,15.0800,14.5000,14.6000,14.9800,30152121,442387004.0600,0.598100,-2.536700,1,0
2021-01-25,sh.600926,14.5800,14.6000,14.0000,14.4500,14.6000,42736928,612382448.9900,0.847700,-1.027400,1,0
2021-01-26,sh.600926,14.3900,14.7900,14.3400,14.5100,14.4500,28067797,408045941.0400,0.556800,0.415200,1,0
2021-01-27,sh.600926,14.4100,14.9800,14.3700,14.8800,14.5100,35346271,524960168.2700,0.701100,2.550000,1,0
2021-01-28,sh.600926,14.7700,14.9500,14.4500,14.5400,14.8800,28111445,412222211.7700,0.557600,-2.284900,1,0
2021-01-29,sh.600926,14.6900,14.9300,14.3400,14.7000,14.5400,30252692,442835535.3400,0.600100,1.100400,1,0
2021-02-01,sh.600926,14.5800,14.8500,14.1500,14.7200,14.7000,32750439,476186555.3400,0.649600,0.136100,1,0
2021-02-02,sh.600926,14.7500,15.6400,14.7200,15.3700,14.7200,45512573,697452260.9700,0.902800,4.415800,1,0
2021-02-03,sh.600926,15.3100,16.3000,15.3100,16.1700,15.3700,48734481,776400273.0700,0.966700,5.204900,1,0
2021-02-04,sh.600926,16.1000,16.9100,16.0800,16.4400,16.1700,50323681,828325501.2900,0.998200,1.669800,1,0
2021-02-05,sh.600926,16.3300,17.4800,16.2100,17.1000,16.4400,62528112,1063334573.3100,1.240300,4.014600,1,0
2021-02-08,sh.600926,17.1000,17.5000,16.5000,17.2400,17.1000,33372487,572432459.5600,0.662000,0.818700,1,0
2021-02-09,sh.600926,17.2500,17.4200,16.9000,17.3400,17.2400,28747233,495989749.4500,0.570200,0.580000,1,0
2021-02-10,sh.600926,17.3900,18.0100,17.0800,17.4700,17.3400,38750207,679415913.0700,0.768600,0.749700,1,0
2021-02-18,sh.600926,17.7200,17.9600,17.1600,17.6300,17.4700,29256724,516046545.9100,0.580300,0.915900,1,0
2021-02-19,sh.600926,17.5600,18.0300,17.4800,17.5500,17.6300,22777821,403362259.6000,0.451800,-0.453800,1,0
2021-02-22,sh.600926,17.4600,17.4600,16.4500,16.5100,17.5500,47122049,793681161.7700,0.934700,-5.925900,1,0
2021-02-23,sh.600926,16.4000,17.1200,16.3700,16.6800,16.5100,30975159,520427111.9500,0.614400,1.029700,1,0
2021-02-24,sh.600926,17.0000,17.2800,16.3000,16.4600,16.6800,33890971,567559429.0000,0.672300,-1.318900,1,0
2021-02-25,sh.600926,16.7400,17.0000,16.4100,16.6800,16.4600,32363318,541251217.8100,0.642000,1.336600,1,0
2021-02-26,sh.600926,16.5500,16.6800,15.8500,16.0200,16.6800,33089612,535411212.2100,0.656400,-3.956800,1,0
2021-03-01,sh.600926,16.3800,16.8500,16.2900,16.7100,16.0200,27452498,454842284.5200,0.544500,4.307100,1,0
2021-03-02,sh.600926,16.7100,17.6000,16.5500,17.0100,16.7100,35338728,604642139.0500,0.701000,1.795300,1,0
2021-03-03,sh.600926,16.8900,18.4500,16.8900,18.2000,17.0100,53741067,967730313.6400,1.066000,6.995900,1,0
2021-03-04,sh.600926,18.1600,18.3500,17.6100,17.9000,18.2000,37212990,669763063.0200,0.738200,-1.648400,1,0
2021-03-05,sh.600926,17.6600,17.8500,16.8400,17.3700,17.9000,41603640,717191917.4900,0.825200,-2.960900,1,0
2021-03-08,sh.600926,17.2000,17.7500,17.0000,17.0900,17.3700,32142410,559093151.2200,0.637600,-1.612000,1,0
2021-03-09,sh.600926,17.3000,17.3900,16.2500,16.2900,17.0900,35807311,598790535.9100,0.710300,-4.681100,1,0
2021-03-10,sh.600926,16.4400,16.4400,15.6800,15.7700,16.2900,36525256,582434801.7600,0.724500,-3.192100,1,0
2021-03-11,sh.600926,15.9900,16.9100,15.9200,16.8400,15.7700,39298585,651795084.9800,0.779500,6.785000,1,0
2021-03-12,sh.600926,16.9200,17.3200,16.7500,17.1900,16.8400,26385029,450534605.2000,0.523400,2.078400,1,0
2021-03-15,sh.600926,17.1000,17.7600,16.9100,17.0600,17.1900,27074593,467338687.1000,0.537000,-0.756300,1,0
2021-03-16,sh.600926,17.0800,17.6800,16.9600,17.6200,17.0600,22730708,397008820.6200,0.450900,3.282500,1,0
2021-03-17,sh.600926,17.4100,17.5200,17.0600,17.4200,17.6200,17333709,299931614.6200,0.343800,-1.135100,1,0
2021-03-18,sh.600926,17.3500,17.7400,17.1700,17.5700,17.4200,16428483,286127860.0600,0.325900,0.861100,1,0
2021-03-19,sh.600926,17.4500,17.8000,16.7700,16.9500,17.5700,24877945,425038552.9100,0.493500,-3.528700,1,0
2021-03-22,sh.600926,16.5500,17.3300,16.5300,17.1800,16.9500,16706630,285358416.5100,0.331400,1.356900,1,0
2021-03-23,sh.600926,17.1000,17.2800,16.7800,17.1000,17.1800,15206148,258331419.1500,0.301600,-0.465700,1,0
2021-03-24,sh.600926,16.9500,17.1000,16.4500,16.5400,17.1000,21886728,365265970.6900,0.434100,-3.274900,1,0
2021-03-25,sh.600926,16.7500,17.0100,16.5900,16.6400,16.5400,29396163,494243136.1600,0.583100,0.604600,1,0
2021-03-26,sh.600926,17.0000,17.4800,16.6000,17.2000,16.6400,32490420,552420436.6300,0.644500,3.365400,1,0
2021-03-29,sh.600926,17.0000,17.0800,16.2300,17.0000,17.2000,41186659,687172696.6100,0.817000,-1.162800,1,0
2021-03-30,sh.600926,16.6600,16.9400,16.3600,16.9100,17.0000,29954905,498538307.4700,0.594200,-0.529400,1,0
2021-03-31,sh.600926,16.7600,17.0300,16.5700,16.8900,16.9100,15253179,255978841.6900,0.302600,-0.118300,1,0
2021-04-01,sh.600926,17.0400,17.0800,16.7900,17.0500,16.8900,10878445,184650084.2700,0.215800,0.947300,1,0
2021-04-02,sh.600926,17.0500,17.0900,16.5400,16.5500,17.0500,17861120,298285187.1800,0.354300,-2.932600,1,0
2021-04-06,sh.600926,16.3300,16.5300,16.2400,16.3600,16.5500,15476602,252968626.3800,0.307000,-1.148000,1,0
2021-04-07,sh.600926,16.2700,16.5400,16.2300,16.5000,16.3600,13634797,223560528.8600,0.270500,0.855700,1,0
2021-04-08,sh.600926,16.4400,16.5700,16.3500,16.4300,16.5000,7432995,122212094.0400,0.147400,-0.424200,1,0
2021-04-09,sh.600926,16.3800,16.4100,15.9000,16.1400,16.4300,18156787,292638372.7200,0.360200,-1.765100,1,0
2021-04-12,sh.600926,16.0800,16.1800,15.5900,15.7200,16.1400,23379334,370245852.6600,0.463800,-2.602200,1,0
2021-04-13,sh.600926,15.8900,16.0500,15.4900,15.5900,15.7200,15106088,237227789.8100,0.299600,-0.827000,1,0
2021-04-14,sh.600926,15.4400,15.6900,15.2000,15.3500,15.5900,22765910,350000680.3800,0.451600,-1.539400,1,0
2021-04-15,sh.600926,15.4400,15.4700,15.0100,15.2600,15.3500,15553280,236418121.6400,0.308500,-0.586300,1,0
2021-04-16,sh.600926,15.2000,15.3300,15.0200,15.0500,15.2600,15065691,228022571.5800,0.298800,-1.376100,1,0
2021-04-19,sh.600926,15.0000,15.6200,14.7500,15.5300,15.0500,26105492,399923339.3700,0.517800,3.189400,1,0
2021-04-20,sh.600926,15.4500,16.3000,15.4000,15.9000,15.5300,22571285,359885832.8200,0.447700,2.382500,1,0
2021-04-21,sh.600926,15.9900,16.4400,15.9900,16.3500,15.9000,28252372,460110770.3200,0.560400,2.830200,1,0
2021-04-22,sh.600926,16.2800,16.3700,15.8400,16.0500,16.3500,18177524,291388938.3800,0.360600,-1.834900,1,0
2021-04-23,sh.600926,15.9400,16.6400,15.9400,16.3000,16.0500,23886859,390708844.3800,0.473800,1.557600,1,0
2021-04-26,sh.600926,16.5000,16.7300,16.3300,16.4200,16.3000,21064508,348351188.6500,0.417800,0.736200,1,0
2021-04-27,sh.600926,16.4000,16.7200,16.3500,16.7200,16.4200,14800210,245175402.4600,0.293600,1.827000,1,0
2021-04-28,sh.600926,16.8700,17.1900,16.4300,16.8500,16.7200,33722159,568932481.9200,0.668900,0.777500,1,0
2021-04-29,sh.600926,16.8300,16.9400,16.4000,16.7800,16.8500,27330307,455204934.7500,0.542100,-0.415400,1,0
2021-04-30,sh.600926,16.6900,16.6900,16.2300,16.5400,16.7800,20734061,340855977.1000,0.411300,-1.430300,1,0
2021-05-06,sh.600926,16.4100,17.0700,16.3600,17.0000,16.5400,23198889,391068902.8300,0.460200,2.781100,1,0
2021-05-07,sh.600926,16.9500,17.3900,16.7900,16.8800,17.0000,21601925,368635283.5700,0.428500,-0.705900,1,0
2021-05-10,sh.600926,16.9000,17.0000,16.1900,16.5000,16.8800,24971676,409916382.6400,0.495300,-2.251200,1,0
2021-05-11,sh.600926,16.5200,16.9300,16.4500,16.8800,16.5000,20268315,339220069.0100,0.402000,2.303000,1,0
2021-05-12,sh.600926,16.8900,17.3500,16.6500,16.7600,16.8800,25378037,430119213.3500,0.503400,-0.710900,1,0
2021-05-13,sh.600926,16.5800,16.9200,16.5500,16.6300,16.7600,15448587,257915629.4300,0.306400,-0.775700,1,0
2021-05-14,sh.600926,16.6800,16.7900,16.4200,16.7000,16.6300,14304326,237872409.6000,0.283700,0.420900,1,0
2021-05-17,sh.600926,16.7300,17.0400,16.5600,16.9700,16.7000,17095792,288999771.1400,0.339100,1.616800,1,0
2021-05-18,sh.600926,16.6200,16.6300,16.1400,16.4700,16.9700,21474038,351706475.3100,0.426000,-2.946400,1,0
2021-05-19,sh.600926,16.4000,16.7100,16.3000,16.6100,16.4700,14973978,247666293.4100,0.297000,0.850000,1,0
2021-05-20,sh.600926,16.7200,17.3800,16.6100,17.2800,16.6100,33106606,565164041.6300,0.656700,4.033700,1,0
2021-05-21,sh.600926,17.2700,17.3200,16.4600,16.4600,17.2800,29762366,495916525.8300,0.590400,-4.745400,1,0
2021-05-24,sh.600926,16.5000,16.8300,16.3300,16.4400,16.4600,16798117,277109807.2400,0.333200,-0.121500,1,0
2021-05-25,sh.600926,16.4000,17.1900,16.3900,17.0900,16.4400,32719412,550771940.8000,0.649000,3.953800,1,0
2021-05-26,sh.600926,17.0800,17.1400,16.7300,16.9500,17.0900,20496537,347293569.4400,0.406600,-0.819200,1,0
2021-05-27,sh.600926,16.8200,16.8900,16.6000,16.7000,16.9500,22556522,377095424.4600,0.447400,-1.474900,1,0
2021-05-28,sh.600926,16.7400,16.8400,16.5100,16.5700,16.7000,14483032,240956378.5900,0.287300,-0.778400,1,0
2021-05-31,sh.600926,16.6000,16.7300,16.3500,16.5200,16.5700,21670848,357470120.7000,0.429900,-0.301800,1,0
2021-06-01,sh.600926,16.4300,16.4900,16.1500,16.2700,16.5200,21043788,342583530.7200,0.417400,-1.513300,1,0
2021-06-02,sh.600926,16.2800,16.4400,16.1000,16.3600,16.2700,13069002,212759887.5900,0.259200,0.553200,1,0
2021-06-03,sh.600926,16.3300,16.4400,16.1000,16.1000,16.3600,11724604,190178550.8900,0.232600,-1.589200,1,0
2021-06-04,sh.600926,16.0800,16.5000,16.0200,16.3600,16.1000,16544771,268610481.8000,0.328200,1.614900,1,0
2021-06-07,sh.600926,16.2600,16.3900,16.1200,16.1800,16.3600,12867063,208749580.1600,0.255200,-1.100200,1,0
2021-06-08,sh.600926,16.1300,16.2900,15.7800,15.9000,16.1800,19871697,316938796.8600,0.394200,-1.730500,1,0
2021-06-09,sh.600926,15.8000,15.8900,15.5600,15.6900,15.9000,18436012,288763275.8100,0.365700,-1.320800,1,0
2021-06-10,sh.600926,15.7300,16.1000,15.3600,15.4900,15.6900,27699187,434665727.5500,0.549400,-1.274700,1,0
2021-06-11,sh.600926,15.6000,15.6500,15.1100,15.3500,15.4900,24742135,379826094.7700,0.490800,-0.903800,1,0
2021-06-15,sh.600926,15.3500,15.3600,14.8800,14.9600,15.3500,20154400,303251076.1600,0.399800,-2.540700,1,0
2021-06-16,sh.600926,15.0000,15.3500,14.9200,14.9300,14.9600,21295195,321588062.4100,0.422400,-0.200500,1,0
2021-06-17,sh.600926,15.0000,15.1500,14.6600,14.6600,14.9300,20768084,308864344.5900,0.412000,-1.808400,1,0
2021-06-18,sh.600926,14.7000,14.8100,14.4900,14.5500,14.6600,24482201,357856007.5400,0.485600,-0.750300,1,0
2021-06-21,sh.600926,14.5600,14.6900,14.0700,14.6100,14.5500,35201649,505928974.3200,0.698300,0.412400,1,0
2021-06-22,sh.600926,14.6000,15.0800,14.5300,14.7200,14.6100,29434263,435593824.0800,0.583900,0.752900,1,0
2021-06-23,sh.600926,14.7500,14.8600,14.4000,14.8300,14.7200,23776691,348068086.6300,0.471600,0.747300,1,0
2021-06-24,sh.600926,14.8300,15.5300,14.7500,15.4000,14.8300,35142575,537220563.9200,0.697100,3.843600,1,0
2021-06-25,sh.600926,15.2000,15.2400,14.7700,14.8500,15.0500,32261766,482798388.7800,0.639900,-1.328900,1,0
2021-06-28,sh.600926,14.9000,14.9800,14.6100,14.7700,14.8500,15687837,231782608.0800,0.311200,-0.538700,1,0
2021-06-29,sh.600926,14.7400,15.1000,14.5200,14.5200,14.7700,15209744,223631911.1800,0.301700,-1.692600,1,0
2021-06-30,sh.600926,14.5100,14.8400,14.5100,14.7500,14.5200,16919079,248779808.7200,0.335600,1.584000,1,0
2021-07-01,sh.600926,14.8000,14.9100,14.5200,14.6100,14.7500,24315674,356626593.3300,0.482300,-0.949200,1,0
2021-07-02,sh.600926,14.5100,14.6100,14.2400,14.3300,14.6100,18961970,272506922.6300,0.376100,-1.916500,1,0
2021-07-05,sh.600926,14.3200,14.6200,14.0800,14.5700,14.3300,16510894,236942346.7400,0.327500,1.674800,1,0
2021-07-06,sh.600926,14.5500,14.7600,14.3500,14.6900,14.5700,24132434,352278994.2300,0.478700,0.823600,1,0
2021-07-07,sh.600926,14.6500,15.0800,14.6200,15.0600,14.6900,30632291,458629922.9000,0.607600,2.518700,1,0
2021-07-08,sh.600926,15.1200,15.1500,14.2000,14.3900,15.0600,26623973,386608842.7700,0.528100,-4.448900,1,0
2021-07-09,sh.600926,14.2000,14.4700,13.9100,13.9600,14.3900,23523768,332012963.1700,0.466600,-2.988200,1,0
2021-07-12,sh.600926,14.1300,14.1500,13.0700,13.1400,13.9600,58511750,779925699.7100,1.160600,-5.873900,1,0
2021-07-13,sh.600926,13.1200,13.5000,12.7900,13.4000,13.1400,35141657,465542879.0300,0.697100,1.978700,1,0
2021-07-14,sh.600926,13.3100,13.3200,12.8400,12.9400,13.4000,31777188,411785280.0400,0.630300,-3.432800,1,0
2021-07-15,sh.600926,12.9000,13.3300,12.8300,13.3000,12.9400,27419770,361466799.0500,0.543900,2.782100,1,0
2021-07-16,sh.600926,13.2100,13.3200,13.0300,13.2500,13.3000,19862382,262380176.6800,0.394000,-0.375900,1,0
2021-07-19,sh.600926,13.2500,13.7500,13.0600,13.6300,13.2500,32736896,440566355.4100,0.649400,2.867900,1,0
2021-07-20,sh.600926,13.4600,13.5600,13.2800,13.4900,13.6300,17989290,241151986.9300,0.356800,-1.027100,1,0
2021-07-21,sh.600926,13.5300,13.5600,13.1000,13.2800,13.4900,17415463,230846792.2600,0.345500,-1.556700,1,0
2021-07-22,sh.600926,13.2200,13.5500,13.1700,13.4100,13.2800,18052014,242212605.1000,0.358100,0.978900,1,0
2021-07-23,sh.600926,13.3500,13.5500,13.1600,13.4300,13.4100,16618166,222094255.5300,0.329600,0.149100,1,0
2021-07-26,sh.600926,13.3900,13.3900,12.7500,12.8600,13.4300,23137203,298640019.3000,0.458900,-4.244200,1,0
2021-07-27,sh.600926,12.7600,12.8800,12.1200,12.1400,12.8600,31567314,391262154.7900,0.626200,-5.598800,1,0
2021-07-28,sh.600926,12.1400,12.2900,11.9900,12.1800,12.1400,19090124,231649013.9500,0.378700,0.329500,1,0
2021-07-29,sh.600926,12.2500,12.3100,12.0900,12.2400,12.1800,18990403,231461211.0500,0.376700,0.492600,1,0
2021-07-30,sh.600926,12.1500,12.2000,11.8900,12.1000,12.2400,19126894,230275844.8200,0.379400,-1.143800,1,0
2021-08-02,sh.600926,12.1000,12.5900,11.8800,12.4100,12.1000,29467264,360053661.4800,0.584500,2.562000,1,0
2021-08-03,sh.600926,12.0500,12.3000,11.8500,12.2300,12.4100,31233836,376983209.4100,0.619600,-1.450400,1,0
2021-08-04,sh.600926,12.1000,12.2000,11.8400,11.9100,12.2300,25998255,310992644.0700,0.515700,-2.616500,1,0
2021-08-05,sh.600926,11.8500,12.0300,11.8100,11.8900,11.9100,20546747,245329963.1000,0.407600,-0.167900,1,0
2021-08-06,sh.600926,11.8500,11.9200,11.6100,11.7800,11.8900,15674412,184163868.4500,0.310900,-0.925100,1,0
2021-08-09,sh.600926,11.7500,12.7700,11.7200,12.4200,11.7800,36003902,447628952.1300,0.714200,5.432900,1,0
2021-08-10,sh.600926,12.4200,13.4400,12.3200,13.3800,12.4200,50754448,662827970.8000,1.006800,7.729500,1,0
2021-08-11,sh.600926,13.3800,14.0600,13.3800,13.5700,13.3800,43897475,600634763.7800,0.870700,1.420000,1,0
2021-08-12,sh.600926,13.5000,13.8300,13.1800,13.7100,13.5700,39967139,542753749.6400,0.792800,1.031700,1,0
2021-08-13,sh.600926,13.7700,13.7800,13.3600,13.5500,13.7100,20603510,278547783.7800,0.408700,-1.167000,1,0
2021-08-16,sh.600926,13.7000,13.7900,13.3100,13.5100,13.5500,26395945,357077624.4200,0.523600,-0.295200,1,0
2021-08-17,sh.600926,13.5000,13.8000,13.3100,13.3400,13.5100,21540994,291097405.2600,0.427300,-1.258300,1,0
2021-08-18,sh.600926,13.2800,13.9400,13.2800,13.8200,13.3400,26764884,365724373.7900,0.530900,3.598200,1,0
2021-08-19,sh.600926,13.6200,13.6500,13.2500,13.5000,13.8200,25734155,345457671.7500,0.510500,-2.315500,1,0
2021-08-20,sh.600926,13.5000,13.5800,13.1300,13.4100,13.5000,19120768,254556740.9000,0.379300,-0.666700,1,0
2021-08-23,sh.600926,13.3000,13.5800,13.3000,13.3400,13.4100,16717314,224590914.2100,0.331600,-0.522000,1,0
2021-08-24,sh.600926,13.4200,13.5500,13.2100,13.4800,13.3400,15362801,206459362.9900,0.304700,1.049500,1,0
2021-08-25,sh.600926,13.4400,13.5800,13.1600,13.2000,13.4800,13135483,175162342.4200,0.260600,-2.077200,1,0
2021-08-26,sh.600926,13.2800,13.2800,12.9000,12.9600,13.2000,14280258,185476852.1800,0.283300,-1.818200,1,0
2021-08-27,sh.600926,12.9500,13.2000,12.8300,12.8600,12.9600,11423559,148525065.0200,0.226600,-0.771600,1,0
2021-08-30,sh.600926,12.8300,12.9700,12.5600,12.7200,12.8600,15382667,194872175.8200,0.305100,-1.088600,1,0
2021-08-31,sh.600926,12.6800,13.4400,12.4700,13.3900,12.7200,33206160,435663402.5800,0.658700,5.267300,1,0
2021-09-01,sh.600926,13.3500,14.7100,13.2400,14.5100,13.3900,45465890,643189495.6500,0.901900,8.364500,1,0
2021-09-02,sh.600926,14.5100,14.6400,14.2200,14.6300,14.5100,26305733,381865453.0800,0.521800,0.827000,1,0
2021-09-03,sh.600926,14.9700,14.9700,14.2100,14.3300,14.6300,23091025,332068410.8500,0.458000,-2.050600,1,0
2021-09-06,sh.600926,14.1200,14.4500,14.0600,14.1100,14.3300,15648513,221618285.1000,0.310400,-1.535200,1,0
2021-09-07,sh.600926,14.1900,15.0800,13.9700,14.8600,14.1100,31988166,466525746.1100,0.634500,5.315400,1,0
2021-09-08,sh.600926,14.7700,15.1800,14.6300,14.9800,14.8600,22074321,330062087.6200,0.437900,0.807500,1,0
2021-09-09,sh.600926,14.8100,15.1900,14.7500,15.1500,14.9800,15586557,233924034.1200,0.309200,1.134800,1,0
2021-09-10,sh.600926,15.0000,15.6800,14.9100,15.4600,15.1500,30015733,461903001.6700,0.595400,2.046200,1,0
2021-09-13,sh.600926,15.4500,15.4700,15.0000,15.2000,15.4600,15512592,235278228.6300,0.307700,-1.681800,1,0
2021-09-14,sh.600926,15.2500,15.3000,14.8600,14.9700,15.2000,17254556,258874653.4200,0.342300,-1.513200,1,0
2021-09-15,sh.600926,14.8200,15.0400,14.5000,14.6400,14.9700,17474445,257396655.8800,0.346600,-2.204400,1,0
2021-09-16,sh.600926,14.6500,14.9000,14.5100,14.6100,14.6400,11598810,169766224.7200,0.230100,-0.204900,1,0
2021-09-17,sh.600926,14.6700,15.3600,14.5000,15.2000,14.6100,22046290,331492310.9800,0.437300,4.038300,1,0
2021-09-22,sh.600926,14.7800,15.1700,14.6100,15.0500,15.2000,14650961,218150893.5700,0.290600,-0.986800,1,0
2021-09-23,sh.600926,15.1100,15.3000,14.7000,14.9300,15.0500,15387970,230279442.2900,0.305200,-0.797300,1,0
2021-09-24,sh.600926,14.9200,14.9900,14.6600,14.7900,14.9300,7496224,110927586.7400,0.148700,-0.937700,1,0
2021-09-27,sh.600926,14.7300,15.0800,14.5200,14.7400,14.7900,12563629,185531739.3400,0.249200,-0.338100,1,0
2021-09-28,sh.600926,14.7100,15.4500,14.6500,15.0700,14.7400,27040055,408133918.9800,0.536400,2.238800,1,0
2021-09-29,sh.600926,14.9000,15.6600,14.7600,15.3400,15.0700,24143377,367914572.3100,0.478900,1.791600,1,0
2021-09-30,sh.600926,15.3400,15.3400,14.7600,14.9300,15.3400,18071466,270856055.5500,0.358500,-2.672800,1,0
2021-10-08,sh.600926,14.9900,15.3500,14.8200,14.9600,14.9300,15031323,226271492.2000,0.298200,0.200900,1,0
2021-10-11,sh.600926,14.9000,15.8600,14.8800,15.2600,14.9600,34151850,528204584.8100,0.677400,2.005300,1,0
2021-10-12,sh.600926,15.1500,15.5700,14.9600,15.3900,15.2600,30993635,474315136.0900,0.614800,0.851900,1,0
2021-10-13,sh.600926,15.3800,15.4000,14.9700,15.2000,15.3900,15225198,231175036.6900,0.302000,-1.234600,1,0
2021-10-14,sh.600926,15.1900,15.3300,14.3500,14.5700,15.2000,23521637,345634324.7100,0.466600,-4.144700,1,0
2021-10-15,sh.600926,14.6700,15.1700,14.4200,14.9900,14.5700,22552241,336943683.8000,0.447300,2.882600,1,0
2021-10-18,sh.600926,14.9900,15.1500,14.6800,14.8100,14.9900,16764390,249156170.6400,0.332500,-1.200800,1,0
2021-10-19,sh.600926,14.7400,15.1500,14.7400,15.0200,14.8100,15284517,229169255.3400,0.303200,1.418000,1,0
2021-10-20,sh.600926,15.0600,15.1200,14.8100,14.9900,15.0200,12301976,183572535.1500,0.244000,-0.199700,1,0
2021-10-21,sh.600926,15.5500,15.8400,15.2100,15.7700,14.9900,45517313,709141541.1300,0.902900,5.203500,1,0
2021-10-22,sh.600926,15.8200,16.0000,15.3100,15.4000,15.7700,33694199,524214216.1300,0.668400,-2.346200,1,0
2021-10-25,sh.600926,15.3100,15.5500,15.0100,15.4000,15.4000,29699514,454821820.6400,0.589100,0.000000,1,0
2021-10-26,sh.600926,15.3400,15.5800,15.1500,15.2700,15.4000,21365039,327833668.9700,0.423800,-0.844200,1,0
2021-10-27,sh.600926,15.1300,15.2600,14.5800,14.9000,15.2700,34104608,505497130.1300,0.674000,-2.423100,1,0
2021-10-28,sh.600926,14.8000,14.9600,14.3100,14.4900,14.9000,19689676,287316826.1800,0.389100,-2.751700,1,0
2021-10-29,sh.600926,14.5100,14.7200,14.1400,14.2800,14.4900,26289936,376160806.4500,0.519500,-1.449300,1,0
2021-11-01,sh.600926,14.2600,14.9200,14.1000,14.8000,14.2800,30498987,447418916.6700,0.602700,3.641500,1,0
2021-11-02,sh.600926,14.7600,14.9100,14.3500,14.4900,14.8000,23787060,346004613.5000,0.470100,-2.094600,1,0
2021-11-03,sh.600926,14.5000,14.8700,14.3000,14.6100,14.4900,21452291,314576950.6000,0.423900,0.828200,1,0
2021-11-04,sh.600926,14.6500,14.7300,14.3500,14.4000,14.6100,15079745,217902021.9000,0.298000,-1.437400,1,0
2021-11-05,sh.600926,14.3700,14.4000,14.1000,14.3000,14.4000,16904493,241218135.7900,0.334100,-0.694400,1,0
2021-11-08,sh.600926,14.1200,14.2800,13.9900,14.1700,14.3000,17691149,249802742.7400,0.349600,-0.909100,1,0
2021-11-09,sh.600926,14.2300,14.2400,13.5800,13.9300,14.1700,26696551,369687009.8200,0.527600,-1.693700,1,0
2021-11-10,sh.600926,13.9600,14.2500,13.7200,14.1800,13.9300,24465680,341884546.9100,0.483500,1.794700,1,0
2021-11-11,sh.600926,14.1700,14.8700,14.1000,14.7100,14.1800,32929049,481351944.1100,0.650700,3.737700,1,0
2021-11-12,sh.600926,14.7100,14.8200,14.3000,14.6800,14.7100,18759661,275780791.1500,0.370700,-0.203900,1,0
2021-11-15,sh.600926,14.6800,14.9200,14.5800,14.7900,14.6800,18872265,279226507.4500,0.372900,0.749300,1,0
2021-11-16,sh.600926,14.9700,14.9800,14.5500,14.6300,14.7900,15342048,225052324.4200,0.303200,-1.081800,1,0
2021-11-17,sh.600926,14.6300,14.6700,14.2600,14.4400,14.6300,16241268,234465714.6000,0.320900,-1.298700,1,0
2021-11-18,sh.600926,14.4000,14.4500,14.1500,14.2000,14.4400,16369921,233610913.7500,0.323500,-1.662000,1,0
2021-11-19,sh.600926,14.1700,14.6200,14.1200,14.5500,14.2000,13913564,200581758.3600,0.275000,2.464800,1,0
2021-11-22,sh.600926,14.4500,14.5800,14.3300,14.3800,14.5500,13732008,198081668.8000,0.271400,-1.168400,1,0
2021-11-23,sh.600926,14.3800,14.6700,14.2800,14.5400,14.3800,14932735,216815442.0300,0.295100,1.112700,1,0
2021-11-24,sh.600926,14.5500,14.5900,14.0400,14.1100,14.5400,25175132,356741047.5600,0.497500,-2.957400,1,0
2021-11-25,sh.600926,14.1100,14.2200,14.0200,14.1100,14.1100,8423046,118938861.0800,0.166500,0.000000,1,0
2021-11-26,sh.600926,14.0600,14.0700,13.7800,13.9900,14.1100,15826845,220590122.0400,0.312800,-0.850500,1,0
2021-11-29,sh.600926,13.8500,13.9400,13.7000,13.7400,13.9900,13542805,186571879.5300,0.267600,-1.787000,1,0
2021-11-30,sh.600926,13.7600,13.9800,13.6500,13.7600,13.7400,24123092,333185451.4800,0.476700,0.145600,1,0
2021-12-01,sh.600926,13.6800,13.8200,13.5900,13.6400,13.7600,19797948,270722545.7600,0.391200,-0.872100,1,0
2021-12-02,sh.600926,13.6200,13.7300,13.5100,13.5900,13.6400,12483865,169862052.7700,0.246700,-0.366600,1,0
2021-12-03,sh.600926,13.6000,13.8000,13.5000,13.7800,13.5900,17087004,233541556.7000,0.337700,1.398100,1,0
2021-12-06,sh.600926,13.8500,14.1800,13.6800,13.7600,13.7800,37821237,526650220.3500,0.747400,-0.145100,1,0
2021-12-07,sh.600926,13.9100,14.3200,13.7500,14.1700,13.7600,38540035,541945602.7700,0.761600,2.979700,1,0
2021-12-08,sh.600926,14.1000,14.1700,13.9100,14.1000,14.1700,20221864,283584245.5500,0.399600,-0.494000,1,0
2021-12-09,sh.600926,14.0500,14.4300,13.9500,14.3000,14.1000,23860097,339927366.2300,0.471500,1.418400,1,0
2021-12-10,sh.600926,14.2000,14.4300,14.0500,14.1500,14.3000,20590338,291653315.9600,0.406900,-1.049000,1,0
2021-12-13,sh.600926,14.0900,14.4500,14.0500,14.0800,14.1500,22871727,325891260.4000,0.452000,-0.494700,1,0
2021-12-14,sh.600926,14.0800,14.0800,13.7600,13.8500,14.0800,19669808,273057171.7200,0.388700,-1.633500,1,0
2021-12-15,sh.600926,13.8400,13.8500,13.6000,13.6600,13.8500,18832660,257818365.1800,0.372200,-1.371800,1,0
2021-12-16,sh.600926,13.7500,13.7900,13.6100,13.7900,13.6600,12717806,174506373.7600,0.251300,0.951700,1,0
2021-12-17,sh.600926,13.7900,13.8400,13.5200,13.5400,13.7900,15920900,216980914.5700,0.314600,-1.812900,1,0
2021-12-20,sh.600926,13.5100,13.6800,13.4100,13.5000,13.5400,11888035,161026273.8400,0.234900,-0.295400,1,0
2021-12-21,sh.600926,13.5100,13.6600,13.4800,13.6000,13.5000,13022498,176810814.5100,0.257300,0.740700,1,0
2021-12-22,sh.600926,13.6600,13.6700,13.3500,13.3900,13.6000,16154850,217193591.8100,0.319200,-1.544100,1,0
2021-12-23,sh.600926,13.4300,13.4800,13.1400,13.2600,13.3900,28086285,371784009.0100,0.555000,-0.970900,1,0
2021-12-24,sh.600926,13.3000,13.3000,13.1100,13.1500,13.2600,10056092,132518008.1300,0.198700,-0.829600,1,0
2021-12-27,sh.600926,13.1200,13.1800,12.8600,13.0300,13.1500,16806795,218672004.4300,0.332100,-0.912500,1,0
2021-12-28,sh.600926,13.0200,13.1500,12.9600,13.1000,13.0300,12460861,162595082.8900,0.246200,0.537200,1,0
2021-12-29,sh.600926,13.1000,13.1000,12.7600,12.8600,13.1000,19044271,244772973.4100,0.376300,-1.832100,1,0
2021-12-30,sh.600926,12.8000,12.9400,12.7800,12.9100,12.8600,13367398,171879412.4900,0.264200,0.388800,1,0
2021-12-31,sh.600926,12.8900,12.8900,12.6700,12.8200,12.9100,19132621,243780969.2200,0.378100,-0.697100,1,0
2022-01-04,sh.600926,12.7500,12.8500,12.6300,12.7800,12.8200,25082998,320317793.3600,0.495700,-0.312000,1,0
2022-01-05,sh.600926,12.8000,13.1000,12.7500,13.0200,12.7800,27319923,354809897.7100,0.539900,1.877900,1,0
2022-01-06,sh.600926,12.9900,13.0700,12.8600,12.8700,13.0200,15390199,198792282.1900,0.304100,-1.152100,1,0
2022-01-07,sh.600926,12.9300,13.3100,12.8800,13.2500,12.8700,31796286,418553233.2800,0.628300,2.952600,1,0
2022-01-10,sh.600926,13.2800,13.5700,13.2000,13.4100,13.2500,33607708,449830093.9500,0.664100,1.207500,1,0
2022-01-11,sh.600926,13.4400,13.9600,13.4100,13.8300,13.4100,48303351,664301717.2100,0.954500,3.132000,1,0
2022-01-12,sh.600926,13.8900,13.8900,13.5000,13.7900,13.8300,35142916,482308717.1400,0.694500,-0.289200,1,0
2022-01-13,sh.600926,13.6400,13.9700,13.6300,13.7600,13.7900,23472293,324505584.8600,0.463800,-0.217500,1,0
2022-01-14,sh.600926,13.7300,13.7900,13.3900,13.4800,13.7600,19534783,264178060.6800,0.386000,-2.034900,1,0
2022-01-17,sh.600926,13.4200,13.6400,13.3400,13.4400,13.4800,16137166,216829929.7400,0.318900,-0.296700,1,0
2022-01-18,sh.600926,13.4300,13.8800,13.4100,13.8200,13.4400,20437850,280368517.8100,0.403900,2.827400,1,0
2022-01-19,sh.600926,13.7400,14.3300,13.7400,14.2200,13.8200,37199325,526342302.5300,0.735100,2.894400,1,0
2022-01-20,sh.600926,14.2500,14.8300,14.1900,14.7000,14.2200,49275351,718068618.9000,0.973700,3.375500,1,0
2022-01-21,sh.600926,14.7000,14.7900,14.4000,14.6100,14.7000,28638326,417509717.8800,0.565900,-0.612200,1,0
2022-01-24,sh.600926,14.6100,14.7600,14.4100,14.5700,14.6100,20378429,296758535.9100,0.402700,-0.273800,1,0
2022-01-25,sh.600926,14.5000,14.5600,14.1200,14.1500,14.5700,22258949,318271283.6300,0.439900,-2.882600,1,0
2022-01-26,sh.600926,14.2000,14.3200,13.9500,14.1500,14.1500,19633820,277223984.1200,0.388000,0.000000,1,0
2022-01-27,sh.600926,14.1400,14.4500,13.9300,14.1600,14.1500,25972742,369330054.1600,0.513200,0.070700,1,0
2022-01-28,sh.600926,14.3000,14.3800,13.9500,14.1000,14.1600,21141693,299619952.6200,0.417800,-0.423700,1,0
2022-02-07,sh.600926,14.2000,14.8000,14.1700,14.6700,14.1000,26094346,379259627.9100,0.515700,4.042600,1,0
2022-02-08,sh.600926,14.6700,14.9400,14.4800,14.6600,14.6700,22064430,323640212.4700,0.436000,-0.068200,1,0
2022-02-09,sh.600926,14.7200,14.8500,14.4600,14.5000,14.6600,22343798,326470842.0100,0.441500,-1.091400,1,0
2022-02-10,sh.600926,14.4900,14.9100,14.2600,14.8900,14.5000,22788467,333744045.8400,0.450300,2.689700,1,0
2022-02-11,sh.600926,14.8800,15.2900,14.8700,15.0900,14.8900,32630800,492774355.5300,0.644800,1.343200,1,0
2022-02-14,sh.600926,15.0100,15.0700,14.6100,14.6500,15.0900,14154501,209064212.2800,0.279700,-2.915800,1,0
2022-02-15,sh.600926,14.6100,14.7700,14.3500,14.4400,14.6500,16453334,238444034.1600,0.325100,-1.433400,1,0
2022-02-16,sh.600926,14.5400,14.9100,14.4700,14.7400,14.4400,20079680,296335734.1700,0.396800,2.077600,1,0
2022-02-17,sh.600926,14.7800,14.8400,14.6800,14.7400,14.7400,19156680,282678749.2300,0.378600,0.000000,1,0
2022-02-18,sh.600926,14.7000,15.2400,14.6700,15.1700,14.7400,24484880,368037640.6100,0.483800,2.917200,1,0
2022-02-21,sh.600926,15.1700,15.5500,15.0100,15.5400,15.1700,22734115,349150248.1700,0.449300,2.439000,1,0
2022-02-22,sh.600926,14.9000,15.2700,14.6700,14.7800,15.5400,44633561,666057532.0400,0.882000,-4.890600,1,0
2022-02-23,sh.600926,14.8900,14.8900,14.6200,14.7700,14.7800,24690271,363641877.2600,0.487900,-0.067700,1,0
2022-02-24,sh.600926,14.7900,14.8000,14.4300,14.5200,14.7700,19115669,279333563.7500,0.377700,-1.692600,1,0
2022-02-25,sh.600926,14.5700,14.6700,14.1500,14.3100,14.5200,26163757,375129439.2600,0.517000,-1.446300,1,0
2022-02-28,sh.600926,14.2700,14.4400,14.1500,14.3200,14.3100,20198423,288227856.0000,0.399100,0.069900,1,0
2022-03-01,sh.600926,14.3600,14.6200,13.9800,14.5500,14.3200,26971867,386697312.0000,0.533000,1.606100,1,0
2022-03-02,sh.600926,14.5000,14.9000,14.4800,14.6100,14.5500,17402658,255373559.0000,0.343900,0.412400,1,0
2022-03-03,sh.600926,14.6500,15.1600,14.6200,15.0300,14.6100,26553436,397359280.0000,0.524700,2.874700,1,0
2022-03-04,sh.600926,15.0100,15.0200,14.7200,14.8400,15.0300,17084533,253513444.0000,0.337600,-1.264100,1,0
2022-03-07,sh.600926,14.7900,14.8000,14.4300,14.5300,14.8400,17586732,256714073.0000,0.347500,-2.088900,1,0
2022-03-08,sh.600926,14.5900,14.6900,13.9300,13.9500,14.5300,29212646,416394032.0000,0.577300,-3.991700,1,0
2022-03-09,sh.600926,14.1000,14.1200,13.2200,13.5500,13.9500,24952512,341256320.0000,0.493100,-2.867400,1,0
2022-03-10,sh.600926,13.8500,13.9100,13.2800,13.3200,13.5500,38096895,514180912.0000,0.752800,-1.697400,1,0
2022-03-11,sh.600926,13.4800,14.2100,13.3100,14.0500,13.3200,61668145,846509680.0000,1.218600,5.480500,1,0
2022-03-14,sh.600926,13.8900,14.4700,13.7400,13.7500,14.0500,31152560,437783520.0000,0.615600,-2.135200,1,0
2022-03-15,sh.600926,13.7000,13.7400,12.8600,12.8700,13.7500,41505212,548402848.0000,0.820200,-6.400000,1,0
2022-03-16,sh.600926,13.0200,13.6800,12.6800,13.5100,12.8700,49913177,660855888.0000,0.986300,4.972800,1,0
2022-03-17,sh.600926,13.6800,13.7400,13.3800,13.4000,13.5100,26532621,359686816.0000,0.524300,-0.814200,1,0
2022-03-18,sh.600926,13.3200,13.8800,13.3100,13.7600,13.4000,26073751,355829155.3900,0.515200,2.686600,1,0
2022-03-21,sh.600926,13.7100,13.7100,13.2800,13.3500,13.7600,29647606,399561283.7900,0.585900,-2.979700,1,0
2022-03-22,sh.600926,13.3000,13.7600,13.2600,13.7300,13.3500,35197147,477747785.3600,0.695500,2.846400,1,0
2022-03-23,sh.600926,13.6100,13.8300,13.5500,13.7200,13.7300,26934040,369115652.7600,0.532200,-0.072800,1,0
2022-03-24,sh.600926,13.7200,14.1400,13.5300,13.9500,13.7200,30005637,419293598.1800,0.592900,1.676400,1,0
2022-03-25,sh.600926,13.9500,14.0800,13.5000,13.6300,13.9500,23058791,316539628.8600,0.455700,-2.293900,1,0
2022-03-28,sh.600926,13.5100,13.6700,13.3400,13.5200,13.6300,20030492,270781968.6100,0.395800,-0.807000,1,0
2022-03-29,sh.600926,13.5700,13.7000,13.5000,13.5800,13.5200,10895211,148082188.8000,0.215300,0.443800,1,0
2022-03-30,sh.600926,13.5500,13.8200,13.4100,13.7700,13.5800,21720807,296576849.6800,0.429200,1.399100,1,0
2022-03-31,sh.600926,13.6300,14.2000,13.6200,14.0900,13.7700,32300462,452917961.2500,0.638300,2.323900,1,0
2022-04-01,sh.600926,13.9300,14.9100,13.9300,14.9000,14.0900,39129415,572578304.8800,0.773200,5.748800,1,0
2022-04-06,sh.600926,14.7900,15.2300,14.7500,15.0500,14.9000,24318710,364444760.1900,0.480600,1.006700,1,0
2022-04-07,sh.600926,14.9500,15.3500,14.7700,14.8300,15.0500,21713855,325806411.5600,0.429100,-1.461800,1,0
2022-04-08,sh.600926,14.8200,15.0700,14.7100,15.0100,14.8300,17751209,264595881.2700,0.350800,1.213800,1,0
2022-04-11,sh.600926,14.9000,14.9000,14.5800,14.7200,15.0100,17735320,261397299.9700,0.350500,-1.932000,1,0
2022-04-12,sh.600926,14.7600,15.3000,14.5500,15.0800,14.7200,31303938,469513031.2200,0.618600,2.445700,1,0
2022-04-13,sh.600926,15.0200,15.2800,14.9100,15.0400,15.0800,16380131,247172765.1100,0.323700,-0.265300,1,0
2022-04-14,sh.600926,15.1900,15.4000,14.7800,14.8200,15.0400,22168421,332866322.4500,0.438100,-1.462800,1,0
2022-04-15,sh.600926,14.8200,15.4200,14.6200,15.3000,14.8200,24870096,376485657.6500,0.491500,3.238900,1,0
2022-04-18,sh.600926,15.1300,15.7600,14.9300,15.5000,15.3000,37497408,578573625.4500,0.741000,1.307200,1,0
2022-04-19,sh.600926,15.4100,15.5700,15.0200,15.3900,15.5000,26515351,406215370.8000,0.524000,-0.709700,1,0
2022-04-20,sh.600926,15.4500,15.5500,14.9300,15.0100,15.3900,20227748,306422227.6100,0.399700,-2.469100,1,0
2022-04-21,sh.600926,14.9000,15.2300,14.7600,14.8100,15.0100,17199071,257549209.9400,0.339900,-1.332400,1,0
2022-04-22,sh.600926,14.7600,15.3800,14.7000,15.2700,14.8100,23962365,363667180.2400,0.473500,3.106000,1,0
2022-04-25,sh.600926,15.0200,15.3500,14.7400,14.7400,15.2700,35258450,531643181.1600,0.696700,-3.470900,1,0
2022-04-26,sh.600926,15.1200,15.6100,14.8800,14.9700,14.7400,47116914,718954759.9700,0.931100,1.560400,1,0
2022-04-27,sh.600926,15.0000,15.4500,14.7100,15.0300,14.9700,30982202,468771074.5200,0.612200,0.400800,1,0
2022-04-28,sh.600926,15.0900,15.4300,14.9800,15.2500,15.0300,30349002,460915431.3800,0.599700,1.463700,1,0
2022-04-29,sh.600926,15.2000,15.4400,14.8000,15.2800,15.2500,40266731,608674216.8400,0.795700,0.196700,1,0
2022-05-05,sh.600926,15.2400,15.6000,15.1800,15.4900,15.2800,28543103,439762205.9800,0.564000,1.374300,1,0
2022-05-06,sh.600926,15.2700,15.4000,14.7100,14.8200,15.4900,24702088,370487555.4200,0.488100,-4.325400,1,0
2022-05-09,sh.600926,14.6200,14.7600,14.1600,14.2400,14.8200,25287399,363641293.6300,0.499700,-3.913600,1,0
2022-05-10,sh.600926,14.1200,14.8200,13.9800,14.7900,14.2400,26447176,383988348.9400,0.522600,3.862400,1,0
2022-05-11,sh.600926,14.7500,14.9400,14.4500,14.4900,14.7900,24410366,355342960.0000,0.482400,-2.028400,1,0
2022-05-12,sh.600926,14.4100,14.6000,14.2100,14.3100,14.4900,12733818,182857887.8900,0.251600,-1.242200,1,0
2022-05-13,sh.600926,14.3600,14.5500,14.2500,14.4400,14.3100,21493966,309223278.3800,0.424700,0.908500,1,0
2022-05-16,sh.600926,14.3500,14.4000,14.0000,14.1000,14.4400,25410391,359333814.2000,0.502100,-2.354600,1,0
2022-05-17,sh.600926,14.1500,14.2100,13.7800,14.1000,14.1000,29149787,408020681.2100,0.576000,0.000000,1,0
2022-05-18,sh.600926,14.1800,14.1800,13.6900,13.7900,14.1000,28047641,387496260.7700,0.554300,-2.198600,1,0
2022-05-19,sh.600926,13.6000,13.7700,13.5000,13.6000,13.7900,27156333,369462243.1700,0.536600,-1.377800,1,0
2022-05-20,sh.600926,13.6300,13.7700,13.5500,13.6700,13.6000,28521494,389725326.8700,0.563600,0.514700,1,0
2022-05-23,sh.600926,13.6200,13.7400,13.3100,13.4000,13.6700,34431237,463189764.3800,0.680400,-1.975100,1,0
2022-05-24,sh.600926,13.4800,13.6100,13.3300,13.3700,13.4000,26888730,362588745.3100,0.531300,-0.223900,1,0
2022-05-25,sh.600926,13.3200,13.4600,13.3200,13.4000,13.3700,14189032,190009748.3200,0.280400,0.224400,1,0
2022-05-26,sh.600926,13.4000,13.5500,13.1500,13.5100,13.4000,29054973,387701091.8000,0.574200,0.820900,1,0
2022-05-27,sh.600926,13.4000,13.7000,13.4000,13.5900,13.5100,24655148,333908252.2100,0.487200,0.592200,1,0
2022-05-30,sh.600926,13.6300,13.6300,13.2700,13.3100,13.5900,19365899,259200367.7600,0.382700,-2.060300,1,0
2022-05-31,sh.600926,13.3100,13.7200,13.1800,13.6200,13.3100,37587502,508855347.2400,0.742800,2.329100,1,0
2022-06-01,sh.600926,13.5500,13.6100,13.1800,13.2600,13.6200,35851666,476538663.2800,0.708500,-2.643200,1,0
2022-06-02,sh.600926,13.1800,13.4800,13.1700,13.3800,13.2600,25328481,337848573.0300,0.500500,0.905000,1,0
2022-06-06,sh.600926,13.4300,13.6600,13.2000,13.6400,13.3800,35990974,485586848.6100,0.711200,1.943200,1,0
2022-06-07,sh.600926,13.6400,14.0500,13.5500,13.9000,13.6400,28817136,400319164.1100,0.569500,1.906200,1,0
2022-06-08,sh.600926,13.8700,13.9500,13.6200,13.8000,13.9000,24209748,332982637.1000,0.478400,-0.719400,1,0
2022-06-09,sh.600926,13.8800,13.9500,13.7100,13.8100,13.8000,19746989,273536861.5800,0.390200,0.072500,1,0
2022-06-10,sh.600926,13.7500,13.9500,13.6900,13.8400,13.8100,29526158,407558696.2000,0.583500,0.217200,1,0
2022-06-13,sh.600926,13.8400,13.8400,13.3400,13.4500,13.8400,25984690,350974047.5400,0.513500,-2.817900,1,0
2022-06-14,sh.600926,13.3300,13.7900,13.2700,13.7700,13.4500,20113093,273277585.5800,0.397500,2.379200,1,0
2022-06-15,sh.600926,13.7500,14.2800,13.7100,14.0300,13.7700,29130952,410319690.7300,0.575700,1.888200,1,0
2022-06-16,sh.600926,14.0000,14.0100,13.6600,13.6800,14.0300,20933110,288279984.2700,0.413700,-2.494700,1,0
2022-06-17,sh.600926,13.6400,13.7500,13.5400,13.6000,13.6800,17566106,239286735.3600,0.347100,-0.584800,1,0
2022-06-20,sh.600926,13.5900,13.7200,13.5000,13.5700,13.6000,18930870,257421684.1300,0.374100,-0.220600,1,0
2022-06-21,sh.600926,13.5700,14.1200,13.5700,14.0600,13.5700,34741721,485876463.4800,0.686500,3.610900,1,0
2022-06-22,sh.600926,14.1200,14.1200,13.8000,13.8500,14.0600,16226583,225289576.8000,0.320700,-1.493600,1,0
2022-06-23,sh.600926,13.8300,13.9800,13.7700,13.9400,13.8500,15206069,211108160.7400,0.300500,0.649800,1,0
2022-06-24,sh.600926,13.9700,14.0400,13.7300,13.9600,13.9400,19155494,265535363.5600,0.378500,0.143500,1,0
2022-06-27,sh.600926,13.9000,14.3500,13.8600,14.3400,13.9600,33395793,474012971.5600,0.659900,2.722100,1,0
2022-06-28,sh.600926,14.3300,14.6400,14.2400,14.5800,14.3400,27323603,395631942.3000,0.539900,1.673600,1,0
2022-06-29,sh.600926,14.5700,14.8800,14.5000,14.8000,14.5800,27175555,401679867.5200,0.537000,1.508900,1,0
2022-06-30,sh.600926,14.7400,15.1400,14.6800,14.9800,14.8000,27011042,405356237.8000,0.533800,1.216200,1,0
2022-07-01,sh.600926,14.9900,15.1200,14.7800,14.8600,14.9800,22107372,329232084.1700,0.436900,-0.801100,1,0
2022-07-04,sh.600926,14.8800,15.0400,14.7000,14.9200,14.8600,29893336,444549067.5400,0.590700,0.403800,1,0
2022-07-05,sh.600926,14.9200,14.9600,14.6600,14.7600,14.9200,21427399,316504991.1600,0.423400,-1.072400,1,0
2022-07-06,sh.600926,14.8000,14.8400,14.4900,14.5600,14.7600,13515754,197191145.0700,0.267100,-1.355000,1,0
2022-07-07,sh.600926,14.6400,14.6500,14.4400,14.4700,14.5600,12943419,187998572.4600,0.255800,-0.618100,1,0
2022-07-08,sh.600926,14.5900,14.6400,14.3500,14.4800,14.4700,10958795,159006499.3900,0.216600,0.069100,1,0
2022-07-11,sh.600926,14.7700,15.0700,14.7000,14.7800,14.4800,34844125,516317960.4700,0.688600,2.071800,1,0
2022-07-12,sh.600926,14.9200,15.2300,14.8500,14.9200,14.7800,33172729,498375050.7900,0.655500,0.947200,1,0
2022-07-13,sh.600926,14.5300,14.6300,14.1800,14.2300,14.5700,27355628,392782197.0400,0.540600,-2.333600,1,0
2022-07-14,sh.600926,14.2300,14.4200,13.8400,14.3500,14.2300,38538379,547524891.8500,0.761600,0.843300,1,0
2022-07-15,sh.600926,14.4500,14.9200,14.3500,14.5000,14.3500,36888629,540596617.5300,0.729000,1.045300,1,0
2022-07-18,sh.600926,14.6000,14.7300,14.2200,14.3100,14.5000,32131528,464349923.8100,0.635000,-1.310300,1,0
2022-07-19,sh.600926,14.3000,14.4500,14.2600,14.3600,14.3100,15745771,226254485.3000,0.311200,0.349400,1,0
2022-07-20,sh.600926,14.4000,14.6300,14.3000,14.5200,14.3600,16944802,245060741.0200,0.334800,1.114200,1,0
2022-07-21,sh.600926,14.5500,14.5500,13.9300,13.9500,14.5200,21582472,304824582.6800,0.426500,-3.925600,1,0
2022-07-22,sh.600926,14.0200,14.1000,13.7300,13.8800,13.9500,20071634,278469746.0800,0.396600,-0.501800,1,0
2022-07-25,sh.600926,13.8900,14.0800,13.7700,14.0100,13.8800,16132219,225160194.0000,0.318800,0.936600,1,0
2022-07-26,sh.600926,14.0500,14.2800,14.0000,14.2200,14.0100,13215430,187467988.9000,0.261200,1.498900,1,0
2022-07-27,sh.600926,14.2200,14.4300,14.1000,14.3500,14.2200,10706805,153156220.2200,0.211600,0.914200,1,0
2022-07-28,sh.600926,14.4000,14.5800,14.2800,14.3300,14.3500,12554293,180861605.3400,0.248100,-0.139400,1,0
2022-07-29,sh.600926,14.3000,14.5200,14.2200,14.3000,14.3300,17929247,257225490.3300,0.354300,-0.209400,1,0
2022-08-01,sh.600926,14.2100,14.3600,14.0100,14.2600,14.3000,18854539,267627621.5500,0.372600,-0.279700,1,0
2022-08-02,sh.600926,14.1000,14.1800,13.7500,13.8900,14.2600,22921558,318468045.7400,0.453000,-2.594700,1,0
2022-08-03,sh.600926,13.9300,13.9700,13.5900,13.5900,13.8900,18117696,249230364.2700,0.358000,-2.159800,1,0
2022-08-04,sh.600926,13.7200,13.7800,13.6000,13.6700,13.5900,10863403,148738722.0000,0.214700,0.588700,1,0
2022-08-05,sh.600926,13.6800,13.8500,13.6000,13.7700,13.6700,13581502,186618637.0000,0.268400,0.731500,1,0
2022-08-08,sh.600926,13.8300,13.9300,13.6600,13.6900,13.7700,13675339,188248911.0000,0.270200,-0.581000,1,0
2022-08-09,sh.600926,13.6500,13.6500,13.4600,13.5000,13.6900,21505100,291127236.0000,0.425000,-1.387900,1,0
2022-08-10,sh.600926,13.5300,13.6200,13.3800,13.3800,13.5000,11273619,151719516.0000,0.222800,-0.888900,1,0
2022-08-11,sh.600926,13.3800,13.5500,13.3300,13.4700,13.3800,15411870,207065415.0000,0.304600,0.672600,1,0
2022-08-12,sh.600926,13.4500,13.5900,13.3700,13.5400,13.4700,14223890,192118838.0000,0.281100,0.519700,1,0
2022-08-15,sh.600926,13.4100,13.4800,13.0800,13.2700,13.5400,28850239,382848646.1600,0.570100,-1.994100,1,0
2022-08-16,sh.600926,13.2000,13.3800,13.1600,13.2600,13.2700,11403318,151091017.8600,0.225300,-0.075400,1,0
2022-08-17,sh.600926,13.2800,13.4800,13.1600,13.4400,13.2600,15320188,204818440.0600,0.302700,1.357500,1,0
2022-08-18,sh.600926,13.4400,13.4700,13.0900,13.1300,13.4400,20719420,273342072.9400,0.409400,-2.306500,1,0
2022-08-19,sh.600926,13.1400,13.4100,13.1200,13.2900,13.1300,17679788,235329760.3500,0.349400,1.218600,1,0
2022-08-22,sh.600926,13.2900,13.6800,13.2500,13.2600,13.2900,35035648,469749116.7600,0.692300,-0.225700,1,0
2022-08-23,sh.600926,13.2600,13.3100,13.0500,13.1500,13.2600,26163723,343790324.7800,0.517000,-0.829600,1,0
2022-08-24,sh.600926,13.1300,13.3600,13.1300,13.2900,13.1500,24333612,322944789.3500,0.480900,1.064600,1,0
2022-08-25,sh.600926,13.3500,13.7500,13.2100,13.7000,13.2900,35001860,473531291.1600,0.691700,3.085000,1,0
2022-08-26,sh.600926,13.8200,14.3500,13.8200,14.3000,13.7000,56750752,803353790.1200,1.121500,4.379600,1,0
2022-08-29,sh.600926,14.1900,14.4500,13.9100,14.0300,14.3000,28379261,398475462.9600,0.560800,-1.888100,1,0
2022-08-30,sh.600926,13.9100,14.1900,13.8700,14.0300,14.0300,20812132,291660754.9400,0.411300,0.000000,1,0
2022-08-31,sh.600926,13.9800,14.3800,13.9700,14.3300,14.0300,36833364,526098211.8300,0.727900,2.138300,1,0
2022-09-01,sh.600926,14.3200,14.3500,14.0200,14.1400,14.3300,21695863,308444504.9500,0.428700,-1.325900,1,0
2022-09-02,sh.600926,14.1600,14.3400,14.0600,14.1800,14.1400,15529879,220395216.7500,0.306900,0.282900,1,0
2022-09-05,sh.600926,14.2400,14.3400,14.0600,14.3200,14.1800,15903816,226000609.3800,0.314300,0.987300,1,0
2022-09-06,sh.600926,14.3100,14.4900,14.2400,14.3900,14.3200,18648965,268266656.0100,0.368500,0.488800,1,0
2022-09-07,sh.600926,14.4200,14.4400,14.1800,14.3000,14.3900,18214522,260455220.1900,0.359900,-0.625400,1,0
2022-09-08,sh.600926,14.3200,14.5300,14.3000,14.4400,14.3000,20782306,300290628.7200,0.410700,0.979000,1,0
2022-09-09,sh.600926,14.4900,14.7300,14.3500,14.5100,14.4400,21712105,316720436.6200,0.429100,0.484800,1,0
2022-09-13,sh.600926,14.4700,14.7500,14.3500,14.5400,14.5100,26412844,384704666.2100,0.521900,0.206800,1,0
2022-09-14,sh.600926,14.4500,14.6100,14.3400,14.4400,14.5400,13028150,188777284.5300,0.257400,-0.687800,1,0
2022-09-15,sh.600926,14.5100,14.8000,14.5100,14.6400,14.4400,29376061,431950377.5200,0.580500,1.385000,1,0
2022-09-16,sh.600926,14.6300,14.6600,14.2100,14.2500,14.6400,19369555,278591953.3500,0.382800,-2.663900,1,0
2022-09-19,sh.600926,14.2800,14.3800,14.1800,14.3000,14.2500,14167438,202176179.1100,0.280000,0.350900,1,0
2022-09-20,sh.600926,14.2800,14.3800,14.0100,14.0700,14.3000,15539678,219240608.1500,0.307100,-1.608400,1,0
2022-09-21,sh.600926,14.0500,14.2200,13.9400,14.0800,14.0700,9566385,134964647.1500,0.189000,0.071100,1,0
2022-09-22,sh.600926,14.0800,14.2700,13.9300,14.1100,14.0800,14411931,202732463.1800,0.284800,0.213100,1,0
2022-09-23,sh.600926,14.0700,14.4800,14.0700,14.1800,14.1100,15930788,226732544.1900,0.314800,0.496100,1,0
2022-09-26,sh.600926,14.0200,14.2800,13.7900,13.8500,14.1800,15179475,212168693.2200,0.300000,-2.327200,1,0
2022-09-27,sh.600926,13.7800,14.0200,13.6800,13.9900,13.8500,12910193,179130982.6400,0.255100,1.010800,1,0
2022-09-28,sh.600926,13.9300,14.3900,13.9200,14.2300,13.9900,24319906,346157447.1700,0.480600,1.715500,1,0
2022-09-29,sh.600926,14.3100,14.4900,14.0800,14.1800,14.2300,17754683,253795657.8600,0.350900,-0.351400,1,0
2022-09-30,sh.600926,14.1800,14.4000,14.1700,14.2500,14.1800,11140992,159276673.8500,0.220200,0.493700,1,0
2022-10-10,sh.600926,14.2500,14.3000,14.0100,14.0500,14.2500,20689737,292900935.5400,0.408800,-1.403500,1,0
2022-10-11,sh.600926,14.1200,14.1700,13.8200,13.9300,14.0500,13547222,188919663.5600,0.267700,-0.854100,1,0
2022-10-12,sh.600926,14.0000,14.2400,13.9000,14.2000,13.9300,20538565,289472585.8500,0.405900,1.938300,1,0
2022-10-13,sh.600926,14.2000,14.2000,13.4100,13.6800,14.2000,44014921,603023483.2800,0.869800,-3.662000,1,0
2022-10-14,sh.600926,13.7000,13.9900,13.6500,13.8400,13.6800,19876914,275538861.9700,0.392800,1.169600,1,0
2022-10-17,sh.600926,13.7300,13.9400,13.7200,13.8900,13.8400,12405740,171850002.7200,0.245100,0.361300,1,0
2022-10-18,sh.600926,14.0500,14.1900,13.8500,13.8800,13.8900,28365483,398227501.2400,0.560500,-0.072000,1,0
2022-10-19,sh.600926,13.7400,14.3300,13.7400,14.0200,13.8800,22910569,322861303.1200,0.452700,1.008600,1,0
2022-10-20,sh.600926,13.9800,14.0700,13.8900,13.9500,14.0200,14879181,207765266.8600,0.294000,-0.499300,1,0
2022-10-21,sh.600926,13.9300,14.0800,13.8100,13.9400,13.9500,14546696,202938223.6200,0.287500,-0.071700,1,0
2022-10-24,sh.600926,13.9400,13.9800,13.2500,13.2700,13.9400,25897937,348684158.1300,0.511800,-4.806300,1,0
2022-10-25,sh.600926,13.2700,13.4500,13.0500,13.1300,13.2700,18957433,249417695.6200,0.374600,-1.055000,1,0
2022-10-26,sh.600926,13.1300,13.2000,12.4800,12.5800,13.1300,38887164,497142969.3700,0.768400,-4.188900,1,0
2022-10-27,sh.600926,12.7100,12.7200,12.3100,12.4100,12.5800,31325436,391052971.4900,0.618200,-1.351400,1,0
2022-10-28,sh.600926,12.3500,12.5800,12.1300,12.4100,12.4100,23687630,294716151.0400,0.467500,0.000000,1,0
2022-10-31,sh.600926,12.3500,12.3800,12.0000,12.1100,12.4100,30025977,364946363.9600,0.592600,-2.417400,1,0
2022-11-01,sh.600926,12.1300,12.3300,12.0800,12.3300,12.1100,24669609,300832072.9000,0.486900,1.816700,1,0
2022-11-02,sh.600926,12.2400,12.3400,11.9600,12.1400,12.3300,47723702,576895529.2400,0.941900,-1.541000,1,0
2022-11-03,sh.600926,12.0600,12.0900,11.8400,12.0400,12.1400,26169434,313421573.9300,0.516500,-0.823700,1,0
2022-11-04,sh.600926,11.9600,12.4000,11.9300,12.3300,12.0400,25517693,312292732.9300,0.503600,2.408600,1,0
2022-11-07,sh.600926,12.2500,12.4500,12.1900,12.3600,12.3300,19388064,238656358.8900,0.382600,0.243300,1,0
2022-11-08,sh.600926,12.2900,12.4500,12.1900,12.2700,12.3600,16815034,206582106.5500,0.331900,-0.728200,1,0
2022-11-09,sh.600926,12.2800,12.4500,12.2400,12.2600,12.2700,11714324,144349962.1000,0.231200,-0.081500,1,0
2022-11-10,sh.600926,12.1900,12.3000,12.0200,12.2600,12.2600,14393327,175251966.3500,0.284100,0.000000,1,0
2022-11-11,sh.600926,12.4000,13.2200,12.3000,13.0100,12.2600,56373997,722413603.8800,1.112600,6.117500,1,0
2022-11-14,sh.600926,13.1500,13.5600,13.1000,13.1600,13.0100,39038600,518517419.7600,0.770500,1.153000,1,0
2022-11-15,sh.600926,13.1000,13.2000,12.9200,13.1200,13.1600,20252982,265273367.0200,0.399700,-0.304000,1,0
2022-11-16,sh.600926,13.0500,13.1800,12.7900,12.9000,13.1200,30071404,388859257.1500,0.593500,-1.676800,1,0
2022-11-17,sh.600926,12.9000,12.9800,12.8200,12.9400,12.9000,12914831,166447595.0400,0.254900,0.310100,1,0
2022-11-18,sh.600926,12.9500,12.9700,12.5900,12.7000,12.9400,21488893,273964838.1600,0.424100,-1.854700,1,0
2022-11-21,sh.600926,12.6000,12.8100,12.5100,12.7600,12.7000,15470365,196116221.0400,0.305300,0.472400,1,0
2022-11-22,sh.600926,12.7600,13.0200,12.7100,12.9000,12.7600,16929262,217979582.4200,0.334100,1.097200,1,0
2022-11-23,sh.600926,12.9100,13.0500,12.8000,12.8300,12.9000,14924395,192854399.0800,0.294600,-0.542600,1,0
2022-11-24,sh.600926,12.9200,12.9900,12.8200,12.8900,12.8300,11344793,146305510.5400,0.223900,0.467700,1,0
2022-11-25,sh.600926,12.8500,13.1600,12.7800,13.1000,12.8900,22727306,295988742.2600,0.448600,1.629200,1,0
2022-11-28,sh.600926,12.9100,12.9300,12.7200,12.8700,13.1000,14429970,184916982.8900,0.284800,-1.755700,1,0
2022-11-29,sh.600926,13.1000,13.6500,13.0100,13.4100,12.8700,49978729,669858947.8500,0.986400,4.195800,1,0
2022-11-30,sh.600926,13.4000,13.4900,13.1600,13.2200,13.4100,23641930,314601239.7000,0.466600,-1.416900,1,0
2022-12-01,sh.600926,13.4100,13.6800,13.1100,13.1500,13.2200,24404691,325641587.0500,0.481700,-0.529500,1,0
2022-12-02,sh.600926,13.1900,13.2200,12.8700,12.9900,13.1500,17003708,220644840.7200,0.335600,-1.216700,1,0
2022-12-05,sh.600926,13.1500,13.5500,13.1000,13.4300,12.9900,28781414,384468079.1400,0.568000,3.387200,1,0
2022-12-06,sh.600926,13.4000,13.5300,13.2600,13.4800,13.4300,16895234,226579333.7100,0.333400,0.372300,1,0
2022-12-07,sh.600926,13.3900,13.5300,13.1500,13.2000,13.4800,20804642,276997999.7400,0.410600,-2.077200,1,0
2022-12-08,sh.600926,13.1600,13.3900,13.1600,13.2900,13.2000,12145596,161405387.6200,0.239700,0.681800,1,0
2022-12-09,sh.600926,13.2500,13.5700,13.2500,13.5000,13.2900,22050694,296581340.0400,0.435200,1.580100,1,0
2022-12-12,sh.600926,13.4100,13.4500,13.1800,13.2500,13.5000,22409855,297988272.1800,0.442300,-1.851900,1,0
2022-12-13,sh.600926,13.2600,13.4000,13.1800,13.2300,13.2500,11563104,153376938.1600,0.228200,-0.150900,1,0
2022-12-14,sh.600926,13.2600,13.3300,13.1600,13.2200,13.2300,9977603,132150163.2200,0.196900,-0.075600,1,0
2022-12-15,sh.600926,13.2400,13.2500,12.9100,12.9600,13.2200,14838262,192777714.9100,0.292900,-1.966700,1,0
2022-12-16,sh.600926,13.0100,13.2400,12.9500,13.1300,12.9600,13750862,180416908.4200,0.271400,1.311700,1,0
2022-12-19,sh.600926,13.1500,13.2800,12.7200,12.8200,13.1300,23175711,300060203.0800,0.457400,-2.361000,1,0
2022-12-20,sh.600926,12.8400,12.9400,12.5800,12.6400,12.8200,15930170,202726698.8600,0.314400,-1.404100,1,0
2022-12-21,sh.600926,12.6300,12.9000,12.6200,12.7700,12.6400,9859908,125906092.2000,0.194600,1.028500,1,0
2022-12-22,sh.600926,12.8800,12.9900,12.7000,12.7600,12.7700,8297446,106482649.0400,0.163800,-0.078300,1,0
2022-12-23,sh.600926,12.7000,12.7500,12.5700,12.6600,12.7600,8397512,106184463.8400,0.165700,-0.783700,1,0
2022-12-26,sh.600926,12.6600,12.7100,12.4800,12.6000,12.6600,13315761,167587376.6100,0.262800,-0.473900,1,0
2022-12-27,sh.600926,12.6600,12.9700,12.6600,12.9200,12.6000,14697191,188785112.3600,0.290100,2.539700,1,0
2022-12-28,sh.600926,12.9700,13.0900,12.8500,12.9600,12.9200,11262131,146057277.7100,0.222300,0.309600,1,0
2022-12-29,sh.600926,12.9100,12.9700,12.7000,12.9000,12.9600,11471887,147474600.7100,0.226400,-0.463000,1,0
2022-12-30,sh.600926,12.9500,13.1800,12.9200,13.0800,12.9000,15056358,196559067.4000,0.297200,1.395300,1,0
2023-01-03,sh.600926,13.1100,13.3700,12.8900,13.3000,13.0800,21241613,280327105.4200,0.419200,1.682000,1,0
2023-01-04,sh.600926,13.3800,13.6300,13.2300,13.5300,13.3000,21629567,292345356.3600,0.426900,1.729300,1,0
2023-01-05,sh.600926,13.5800,13.7200,13.4700,13.5800,13.5300,16416097,223308018.3300,0.324000,0.369500,1,0
2023-01-06,sh.600926,13.5800,13.6400,13.3800,13.5500,13.5800,13289351,179285524.5100,0.262300,-0.220900,1,0
2023-01-09,sh.600926,13.5500,13.6700,13.4400,13.5900,13.5500,12475614,169382933.7600,0.246200,0.295200,1,0
2023-01-10,sh.600926,13.5200,13.6200,13.3200,13.3800,13.5900,13293174,178715508.1300,0.262400,-1.545300,1,0
2023-01-11,sh.600926,13.3900,13.5400,13.3200,13.3500,13.3800,13517476,181181827.1000,0.266800,-0.224200,1,0
2023-01-12,sh.600926,13.4000,13.4500,13.2500,13.3800,13.3500,13240083,176774895.0500,0.261300,0.224700,1,0
2023-01-13,sh.600926,13.3500,13.5500,13.3500,13.5500,13.3800,10462174,141101005.3600,0.206500,1.270600,1,0
2023-01-16,sh.600926,13.5700,13.7000,13.3600,13.4000,13.5500,20216355,273032375.0300,0.399000,-1.107000,1,0
2023-01-17,sh.600926,13.4600,13.4600,13.2500,13.3600,13.4000,16856549,224516889.1000,0.332700,-0.298500,1,0
2023-01-18,sh.600926,13.3000,13.4600,13.2500,13.4000,13.3600,14399751,192650839.8700,0.284200,0.299400,1,0
2023-01-19,sh.600926,13.4300,13.4400,13.2100,13.3100,13.4000,11672791,154956541.1300,0.230400,-0.671600,1,0
2023-01-20,sh.600926,13.3300,13.3600,13.1700,13.2800,13.3100,15710667,208635675.3600,0.310100,-0.225400,1,0
2023-01-30,sh.600926,13.4100,13.4200,13.1400,13.1600,13.2800,24107502,319799179.8600,0.475800,-0.903600,1,0
2023-01-31,sh.600926,13.2100,13.3000,13.0000,13.0200,13.1600,20516139,268736405.0700,0.404900,-1.063800,1,0
2023-02-01,sh.600926,13.0400,13.1000,12.8500,13.0400,13.0200,26484769,343077826.9600,0.522700,0.153600,1,0
2023-02-02,sh.600926,13.0400,13.0600,12.8800,12.9100,13.0400,20172796,260860566.4300,0.398100,-0.996900,1,0
2023-02-03,sh.600926,12.8900,12.9000,12.6700,12.7400,12.9100,15812141,201564496.3700,0.312100,-1.316800,1,0
2023-02-06,sh.600926,12.6700,12.8300,12.5900,12.7100,12.7400,17494819,222694679.3600,0.345300,-0.235500,1,0
2023-02-07,sh.600926,12.7600,12.8100,12.6500,12.7300,12.7100,15005864,190896021.6600,0.296200,0.157400,1,0
2023-02-08,sh.600926,12.7300,12.7300,12.6000,12.6200,12.7300,19405386,245710709.7000,0.383000,-0.864100,1,0
2023-02-09,sh.600926,12.6200,12.7300,12.5800,12.6500,12.6200,25675136,324346568.7700,0.506700,0.237700,1,0
2023-02-10,sh.600926,12.6200,12.6300,12.4500,12.5200,12.6500,32205861,402628285.7700,0.635600,-1.027700,1,0
2023-02-13,sh.600926,12.5000,12.5100,12.3200,12.4700,12.5200,26076492,324189195.2600,0.514700,-0.399400,1,0
